# grid   : Signal grid with pair-production of chargino-1 with decays via staus / tau sneutrino. 13 TeV.
# author : mann@cern.ch (please report any problems)
# date   : 13.06.2016
#
# Cross sections taken from https://twiki.cern.ch/twiki/bin/view/LHCPhysics/SUSYCrossSections13TeVx1x1wino
# Filter efficiencies from AMI
#
#SAMPLE     FS   CROSSECTION[pb]     K-FACTOR     FILTEREFF   REL.UNCERT
392100     157        11.611900        1.00       0.294020      0.044662  # (100.0, 0.0)
392101     157        11.611900        1.00       0.226120      0.044662  # (100.0, 35.0)
392102     157        11.611900        1.00       0.085527      0.044662  # (100.0, 65.0)
392103     157         7.506172        1.00       0.332670      0.046916  # (112.5, 12.5)
392104     157         7.506172        1.00       0.245310      0.046916  # (112.5, 47.5)
392105     157         6.392997        1.00       0.092250      0.047778  # (117.5, 82.5)
392106     157         4.407440        1.00       0.364240      0.049837  # (130.0, 30.0)
392107     157         4.110037        1.00       0.259080      0.050235  # (132.5, 67.5)
392108     157         3.149471        1.00       0.095502      0.051781  # (142.5, 107.5)
392109     157         2.612310        1.00       0.393440      0.052887  # (150.0, 50.0)
392110     157         2.184915        1.00       0.278840      0.053864  # (157.5, 92.5)
392111     157         1.742462        1.00       0.099916      0.055180  # (167.5, 132.5)
392112     157         1.482420        1.00       0.497480      0.056170  # (175.0, 25.0)
392113     157         1.482420        1.00       0.418350      0.056170  # (175.0, 75.0)
392114     157         1.269103        1.00       0.290550      0.057179  # (182.5, 117.5)
392115     157         1.040880        1.00       0.101440      0.058526  # (192.5, 157.5)
392116     157         0.902569        1.00       0.553370      0.059542  # (200.0, 0.0)
392117     157         0.902569        1.00       0.532280      0.059542  # (200.0, 50.0)
392118     157         0.902569        1.00       0.441680      0.059542  # (200.0, 100.0)
392119     157         0.786480        1.00       0.299790      0.060364  # (207.5, 142.5)
392120     157         0.658852        1.00       0.102310      0.061546  # (217.5, 182.5)
392121     157         0.579564        1.00       0.588430      0.062236  # (225.0, 25.0)
392122     157         0.579564        1.00       0.550630      0.062236  # (225.0, 75.0)
392123     157         0.579564        1.00       0.453050      0.062236  # (225.0, 125.0)
392124     157         0.511670        1.00       0.306580      0.063292  # (232.5, 167.5)
392125     157         0.435640        1.00       0.102560      0.064439  # (242.5, 207.5)
392126     157         0.387534        1.00       0.621400      0.065318  # (250.0, 0.0)
392127     157         0.387534        1.00       0.611470      0.065318  # (250.0, 50.0)
392128     157         0.387534        1.00       0.569880      0.065318  # (250.0, 100.0)
392129     157         0.387534        1.00       0.462770      0.065318  # (250.0, 150.0)
392130     157         0.345785        1.00       0.309920      0.066137  # (257.5, 192.5)
392131     157         0.298292        1.00       0.102240      0.067256  # (267.5, 232.5)
392132     157         0.267786        1.00       0.645330      0.068296  # (275.0, 25.0)
392133     157         0.267786        1.00       0.629930      0.068296  # (275.0, 75.0)
392134     157         0.267786        1.00       0.579210      0.068296  # (275.0, 125.0)
392135     157         0.267786        1.00       0.471530      0.068296  # (275.0, 175.0)
392136     157         0.241030        1.00       0.312240      0.068914  # (282.5, 217.5)
392137     157         0.190159        1.00       0.669530      0.070698  # (300.0, 0.0)
392138     157         0.190159        1.00       0.659650      0.070698  # (300.0, 50.0)
392139     157         0.190159        1.00       0.640410      0.070698  # (300.0, 100.0)
392140     157         0.190159        1.00       0.589070      0.070698  # (300.0, 150.0)
392141     157         0.190159        1.00       0.481370      0.070698  # (300.0, 200.0)
392142     157         0.138086        1.00       0.682990      0.073748  # (325.0, 25.0)
392143     157         0.138086        1.00       0.671560      0.073748  # (325.0, 75.0)
392144     157         0.138086        1.00       0.645970      0.073748  # (325.0, 125.0)
392145     157         0.138086        1.00       0.600460      0.073748  # (325.0, 175.0)
392146     157         0.138086        1.00       0.484220      0.073748  # (325.0, 225.0)
392147     157         0.129832        1.00       0.101810      0.074049  # (330.0, 295.0)
392148     157         0.108376        1.00       0.324290      0.075571  # (345.0, 280.0)
392149     157         0.102199        1.00       0.699690      0.075858  # (350.0, 0.0)
392150     157         0.102199        1.00       0.697240      0.075858  # (350.0, 50.0)
392151     157         0.102199        1.00       0.682120      0.075858  # (350.0, 100.0)
392152     157         0.102199        1.00       0.655620      0.075858  # (350.0, 150.0)
392153     157         0.088451        1.00       0.491810      0.077260  # (362.5, 262.5)
392154     157         0.076834        1.00       0.713170      0.078429  # (375.0, 25.0)
392155     157         0.076834        1.00       0.711140      0.078429  # (375.0, 75.0)
392156     157         0.076834        1.00       0.695170      0.078429  # (375.0, 125.0)
392157     157         0.067013        1.00       0.620990      0.079527  # (387.5, 237.5)
392158     157         0.058631        1.00       0.726690      0.080633  # (400.0, 0.0)
392159     157         0.058631        1.00       0.725550      0.080633  # (400.0, 50.0)
392160     157         0.058631        1.00       0.719980      0.080633  # (400.0, 100.0)
392161     157         0.058631        1.00       0.698330      0.080633  # (400.0, 150.0)
392162     157         0.051423        1.00       0.674060      0.081429  # (412.5, 212.5)
392163     157         0.045219        1.00       0.736610      0.082166  # (425.0, 25.0)
392164     157         0.045219        1.00       0.728940      0.082166  # (425.0, 75.0)
392165     157         0.039924        1.00       0.702830      0.083372  # (437.5, 187.5)
392166     157         0.035314        1.00       0.742030      0.084182  # (450.0, 0.0)
392167     157         0.035314        1.00       0.742740      0.084182  # (450.0, 50.0)
392168     157         0.031317        1.00       0.727170      0.085325  # (462.5, 162.5)
392169     157         0.027834        1.00       0.749960      0.086665  # (475.0, 25.0)
392170     157         0.027834        1.00       0.748430      0.086665  # (475.0, 75.0)
392171     157         0.024793        1.00       0.751880      0.087289  # (487.5, 137.5)
392172     157         0.022127        1.00       0.756800      0.088086  # (500.0, 0.0)
392173     157         0.045219        1.00       0.724330      0.082166  # (425.0, 125.0)
392174     157         0.035314        1.00       0.733480      0.084182  # (450.0, 100.0)
392175     157         0.035314        1.00       0.727360      0.084182  # (450.0, 150.0)
392176     157         0.027834        1.00       0.736280      0.086665  # (475.0, 125.0)
392177     157         0.027834        1.00       0.733880      0.086665  # (475.0, 175.0)
392178     157         0.022127        1.00       0.760710      0.088086  # (500.0, 50.0)
392179     157         0.022127        1.00       0.753910      0.088086  # (500.0, 100.0)
392180     157         0.022127        1.00       0.746880      0.088086  # (500.0, 150.0)
392181     157         0.017739        1.00       0.766660      0.090150  # (525.0, 25.0)
392182     157         0.017739        1.00       0.768050      0.090150  # (525.0, 75.0)
392183     157         0.017739        1.00       0.760210      0.090150  # (525.0, 125.0)
392184     157         0.014313        1.00       0.771790      0.092478  # (550.0, 0.0)
392185     157         0.014313        1.00       0.771870      0.092478  # (550.0, 50.0)
392186     157         0.014313        1.00       0.768160      0.092478  # (550.0, 100.0)
392187     157         0.014313        1.00       0.765350      0.092478  # (550.0, 150.0)
392188     157         0.011627        1.00       0.771930      0.094326  # (575.0, 25.0)
392189     157         0.011627        1.00       0.783290      0.094326  # (575.0, 75.0)
392190     157         0.011627        1.00       0.769370      0.094326  # (575.0, 125.0)
392191     157         0.009499        1.00       0.779050      0.096043  # (600.0, 0.0)
392192     157         0.009499        1.00       0.779140      0.096043  # (600.0, 50.0)
392193     157         0.009499        1.00       0.776590      0.096043  # (600.0, 100.0)
392194     157         0.007801        1.00       0.785330      0.098578  # (625.0, 25.0)
392195     157         0.007801        1.00       0.782270      0.098578  # (625.0, 75.0)
392196     157         0.006432        1.00       0.788180      0.099323  # (650.0, 0.0)
392197     157         0.006432        1.00       0.786190      0.099323  # (650.0, 50.0)
392198     157         0.005336        1.00       0.795270      0.101476  # (675.0, 25.0)
392199     157         0.004439        1.00       0.798180      0.102986  # (700.0, 0.0)
