# grid   : Signal grid with associated productino of chargino-1 and neutralino-2 with decays via staus / tau sneutrino. 13 TeV.
# author : mann@cern.ch (please report any problems)
# date   : 05.10.2015
#
# Cross sections taken from https://twiki.cern.ch/twiki/bin/view/LHCPhysics/SUSYCrossSections13TeVn2x1wino
# Filter efficiencies from AMI
#
#SAMPLE     FS   CROSSECTION[pb]     K-FACTOR     FILTEREFF   REL.UNCERT
392000     125        13.895100        1.00       0.270350      0.034946  # (100.0, 0.0)
392000     127         8.766080        1.00       0.270350      0.059048  # (100.0, 0.0)
392001     125        13.895100        1.00       0.221230      0.034946  # (100.0, 35.0)
392001     127         8.766080        1.00       0.221230      0.059048  # (100.0, 35.0)
392002     125        13.895100        1.00       0.096025      0.034946  # (100.0, 65.0)
392002     127         8.766080        1.00       0.096025      0.059048  # (100.0, 65.0)
392003     125         9.108101        1.00       0.297490      0.034871  # (112.5, 12.5)
392003     127         5.623877        1.00       0.297490      0.060534  # (112.5, 12.5)
392004     125         9.108101        1.00       0.235480      0.034871  # (112.5, 47.5)
392004     127         5.623877        1.00       0.235480      0.060534  # (112.5, 47.5)
392005     125         7.796632        1.00       0.101150      0.035073  # (117.5, 82.5)
392005     127         4.774518        1.00       0.101150      0.061193  # (117.5, 82.5)
392006     125         5.437406        1.00       0.319060      0.036067  # (130.0, 30.0)
392006     127         3.264108        1.00       0.319060      0.062978  # (130.0, 30.0)
392007     125         5.081334        1.00       0.246630      0.036341  # (132.5, 67.5)
392007     127         3.038567        1.00       0.246630      0.063356  # (132.5, 67.5)
392008     125         3.925186        1.00       0.106700      0.037656  # (142.5, 107.5)
392008     127         2.311884        1.00       0.106700      0.064931  # (142.5, 107.5)
392009     125         3.273840        1.00       0.337750      0.038846  # (150.0, 50.0)
392009     127         1.907040        1.00       0.337750      0.066172  # (150.0, 50.0)
392010     125         2.752678        1.00       0.263160      0.039964  # (157.5, 92.5)
392010     127         1.586067        1.00       0.263160      0.067101  # (157.5, 92.5)
392011     125         2.210501        1.00       0.108630      0.041504  # (167.5, 132.5)
392011     127         1.255881        1.00       0.108630      0.068405  # (167.5, 132.5)
392012     125         1.890260        1.00       0.391330      0.042656  # (175.0, 25.0)
392012     127         1.063010        1.00       0.391330      0.069402  # (175.0, 25.0)
392013     125         1.890260        1.00       0.350980      0.042656  # (175.0, 75.0)
392013     127         1.063010        1.00       0.350980      0.069402  # (175.0, 75.0)
392014     125         1.626478        1.00       0.270950      0.043911  # (182.5, 117.5)
392014     127         0.905593        1.00       0.270950      0.070464  # (182.5, 117.5)
392015     125         1.342922        1.00       0.110850      0.045572  # (192.5, 157.5)
392015     127         0.738098        1.00       0.110850      0.071895  # (192.5, 157.5)
392016     125         1.170260        1.00       0.408470      0.046853  # (200.0, 0.0)
392016     127         0.637140        1.00       0.408470      0.072993  # (200.0, 0.0)
392017     125         1.170260        1.00       0.401360      0.046853  # (200.0, 50.0)
392017     127         0.637140        1.00       0.401360      0.072993  # (200.0, 50.0)
392018     125         1.170260        1.00       0.360970      0.046853  # (200.0, 100.0)
392018     127         0.637140        1.00       0.360970      0.072993  # (200.0, 100.0)
392019     125         1.024312        1.00       0.279280      0.047756  # (207.5, 142.5)
392019     127         0.552499        1.00       0.279280      0.074119  # (207.5, 142.5)
392020     125         0.863252        1.00       0.112690      0.049059  # (217.5, 182.5)
392020     127         0.459927        1.00       0.112690      0.075507  # (217.5, 182.5)
392021     125         0.762405        1.00       0.427940      0.049811  # (225.0, 25.0)
392021     127         0.402717        1.00       0.427940      0.076648  # (225.0, 25.0)
392022     125         0.762405        1.00       0.411550      0.049811  # (225.0, 75.0)
392022     127         0.402717        1.00       0.411550      0.076648  # (225.0, 75.0)
392023     125         0.762405        1.00       0.368440      0.049811  # (225.0, 125.0)
392023     127         0.402717        1.00       0.368440      0.076648  # (225.0, 125.0)
392024     125         0.676254        1.00       0.283660      0.051013  # (232.5, 167.5)
392024     127         0.353919        1.00       0.283660      0.077497  # (232.5, 167.5)
392025     125         0.579000        1.00       0.112020      0.052316  # (242.5, 207.5)
392025     127         0.299544        1.00       0.112020      0.078769  # (242.5, 207.5)
392026     125         0.517259        1.00       0.435680      0.053465  # (250.0, 0.0)
392026     127         0.265255        1.00       0.435680      0.079645  # (250.0, 0.0)
392027     125         0.517259        1.00       0.432290      0.053465  # (250.0, 50.0)
392027     127         0.265255        1.00       0.432290      0.079645  # (250.0, 50.0)
392028     125         0.517259        1.00       0.414780      0.053465  # (250.0, 100.0)
392028     127         0.265255        1.00       0.414780      0.079645  # (250.0, 100.0)
392029     125         0.517259        1.00       0.378690      0.053465  # (250.0, 150.0)
392029     127         0.265255        1.00       0.378690      0.079645  # (250.0, 150.0)
392030     125         0.463332        1.00       0.287860      0.054272  # (257.5, 192.5)
392030     127         0.235706        1.00       0.287860      0.080602  # (257.5, 192.5)
392031     125         0.401806        1.00       0.111890      0.055576  # (267.5, 232.5)
392031     127         0.202188        1.00       0.111890      0.081780  # (267.5, 232.5)
392032     125         0.362248        1.00       0.446190      0.056619  # (275.0, 25.0)
392032     127         0.180802        1.00       0.446190      0.082539  # (275.0, 25.0)
392033     125         0.362248        1.00       0.438870      0.056619  # (275.0, 75.0)
392033     127         0.180802        1.00       0.438870      0.082539  # (275.0, 75.0)
392034     125         0.362248        1.00       0.421230      0.056619  # (275.0, 125.0)
392034     127         0.180802        1.00       0.421230      0.082539  # (275.0, 125.0)
392035     125         0.362248        1.00       0.377360      0.056619  # (275.0, 175.0)
392035     127         0.180802        1.00       0.377360      0.082539  # (275.0, 175.0)
392036     125         0.327183        1.00       0.290020      0.057533  # (282.5, 217.5)
392036     127         0.162031        1.00       0.290020      0.083484  # (282.5, 217.5)
392037     125         0.260319        1.00       0.449660      0.059743  # (300.0, 0.0)
392037     127         0.126627        1.00       0.449660      0.085457  # (300.0, 0.0)
392038     125         0.260319        1.00       0.448710      0.059743  # (300.0, 50.0)
392038     127         0.126627        1.00       0.448710      0.085457  # (300.0, 50.0)
392039     125         0.260319        1.00       0.439910      0.059743  # (300.0, 100.0)
392039     127         0.126627        1.00       0.439910      0.085457  # (300.0, 100.0)
392040     125         0.260319        1.00       0.427430      0.059743  # (300.0, 150.0)
392040     127         0.126627        1.00       0.427430      0.085457  # (300.0, 150.0)
392041     125         0.260319        1.00       0.383110      0.059743  # (300.0, 200.0)
392041     127         0.126627        1.00       0.383110      0.085457  # (300.0, 200.0)
392042     125         0.191314        1.00       0.453240      0.063019  # (325.0, 25.0)
392042     127         0.090610        1.00       0.453240      0.088080  # (325.0, 25.0)
392043     125         0.191314        1.00       0.451870      0.063019  # (325.0, 75.0)
392043     127         0.090610        1.00       0.451870      0.088080  # (325.0, 75.0)
392044     125         0.191314        1.00       0.444710      0.063019  # (325.0, 125.0)
392044     127         0.090610        1.00       0.444710      0.088080  # (325.0, 125.0)
392045     125         0.191314        1.00       0.428020      0.063019  # (325.0, 175.0)
392045     127         0.090610        1.00       0.428020      0.088080  # (325.0, 175.0)
392046     125         0.191314        1.00       0.386160      0.063019  # (325.0, 225.0)
392046     127         0.090610        1.00       0.386160      0.088080  # (325.0, 225.0)
392047     125         0.180255        1.00       0.110700      0.063409  # (330.0, 295.0)
392047     127         0.085059        1.00       0.110700      0.088970  # (330.0, 295.0)
392048     125         0.151488        1.00       0.295700      0.065239  # (345.0, 280.0)
392048     127         0.070462        1.00       0.295700      0.090661  # (345.0, 280.0)
392049     125         0.143126        1.00       0.458470      0.065657  # (350.0, 0.0)
392049     127         0.066332        1.00       0.458470      0.091634  # (350.0, 0.0)
392050     125         0.143126        1.00       0.459740      0.065657  # (350.0, 50.0)
392050     127         0.066332        1.00       0.459740      0.091634  # (350.0, 50.0)
392051     125         0.143126        1.00       0.453970      0.065657  # (350.0, 100.0)
392051     127         0.066332        1.00       0.453970      0.091634  # (350.0, 100.0)
392052     125         0.143126        1.00       0.446870      0.065657  # (350.0, 150.0)
392052     127         0.066332        1.00       0.446870      0.091634  # (350.0, 150.0)
392053     125         0.124592        1.00       0.389470      0.067398  # (362.5, 262.5)
392053     127         0.057013        1.00       0.389470      0.092552  # (362.5, 262.5)
392054     125         0.108840        1.00       0.458130      0.068934  # (375.0, 25.0)
392054     127         0.049236        1.00       0.458130      0.093629  # (375.0, 25.0)
392055     125         0.108840        1.00       0.457480      0.068934  # (375.0, 75.0)
392055     127         0.049236        1.00       0.457480      0.093629  # (375.0, 75.0)
392056     125         0.108840        1.00       0.460380      0.068934  # (375.0, 125.0)
392056     127         0.049236        1.00       0.460380      0.093629  # (375.0, 125.0)
392057     125         0.095409        1.00       0.434400      0.070521  # (387.5, 237.5)
392057     127         0.042683        1.00       0.434400      0.095119  # (387.5, 237.5)
392058     125         0.083907        1.00       0.463910      0.072147  # (400.0, 0.0)
392058     127         0.037120        1.00       0.463910      0.096393  # (400.0, 0.0)
392059     125         0.083907        1.00       0.463600      0.072147  # (400.0, 50.0)
392059     127         0.037120        1.00       0.463600      0.096393  # (400.0, 50.0)
392060     125         0.083907        1.00       0.457430      0.072147  # (400.0, 100.0)
392060     127         0.037120        1.00       0.457430      0.096393  # (400.0, 100.0)
392061     125         0.083907        1.00       0.450570      0.072147  # (400.0, 150.0)
392061     127         0.037120        1.00       0.450570      0.096393  # (400.0, 150.0)
392062     125         0.074008        1.00       0.450360      0.073807  # (412.5, 212.5)
392062     127         0.032377        1.00       0.450360      0.097632  # (412.5, 212.5)
392063     125         0.065455        1.00       0.465200      0.075543  # (425.0, 25.0)
392063     127         0.028333        1.00       0.465200      0.099143  # (425.0, 25.0)
392064     125         0.065455        1.00       0.463980      0.075543  # (425.0, 75.0)
392064     127         0.028333        1.00       0.463980      0.099143  # (425.0, 75.0)
392065     125         0.058040        1.00       0.461790      0.076526  # (437.5, 187.5)
392065     127         0.024864        1.00       0.461790      0.100023  # (437.5, 187.5)
392066     125         0.051590        1.00       0.468910      0.078328  # (450.0, 0.0)
392066     127         0.021856        1.00       0.468910      0.101081  # (450.0, 0.0)
392067     125         0.051590        1.00       0.465130      0.078328  # (450.0, 50.0)
392067     127         0.021856        1.00       0.465130      0.101081  # (450.0, 50.0)
392068     125         0.045963        1.00       0.467600      0.079247  # (462.5, 162.5)
392068     127         0.019300        1.00       0.467600      0.102613  # (462.5, 162.5)
392069     125         0.041023        1.00       0.467520      0.080159  # (475.0, 25.0)
392069     127         0.017068        1.00       0.467520      0.103822  # (475.0, 25.0)
392070     125         0.041023        1.00       0.467790      0.080159  # (475.0, 75.0)
392070     127         0.017068        1.00       0.467790      0.103822  # (475.0, 75.0)
392071     125         0.036718        1.00       0.467980      0.081974  # (487.5, 137.5)
392071     127         0.015127        1.00       0.467980      0.105380  # (487.5, 137.5)
392072     125         0.032913        1.00       0.474630      0.083079  # (500.0, 0.0)
392072     127         0.013444        1.00       0.474630      0.106775  # (500.0, 0.0)
