# grid   : Signal grid with pair-production of staus. 13 TeV.
# author : mann@cern.ch (please report any problems to this address)
# date   : 04.01.2017
#
# Cross sections taken from https://twiki.cern.ch/twiki/bin/view/LHCPhysics/SUSYCrossSections13TeVslepslep (recomputed)
# Filter efficiencies from AMI
# REL.UNCERT (relative uncertainty) given as fraction of xsec
#
#SAMPLE     FS   CROSSECTION[pb]     K-FACTOR     FILTEREFF   REL.UNCERT
393600     206         0.597622        1.00       0.515480      0.035043  # (80.0, 1.0)
393600     207         0.211387        1.00       0.515480      0.040516  # (80.0, 1.0)
393601     206         0.597622        1.00       0.498950      0.035043  # (80.0, 20.0)
393601     207         0.211387        1.00       0.498950      0.040516  # (80.0, 20.0)
393602     206         0.597622        1.00       0.431970      0.035043  # (80.0, 40.0)
393602     207         0.211387        1.00       0.431970      0.040516  # (80.0, 40.0)
393603     206         0.597622        1.00       0.259100      0.035043  # (80.0, 60.0)
393603     207         0.211387        1.00       0.259100      0.040516  # (80.0, 60.0)
393604     206         0.269345        1.00       0.590690      0.035045  # (100.0, 1.0)
393604     207         0.097780        1.00       0.590690      0.040535  # (100.0, 1.0)
393605     206         0.269345        1.00       0.585890      0.035045  # (100.0, 20.0)
393605     207         0.097780        1.00       0.585890      0.040535  # (100.0, 20.0)
393606     206         0.269345        1.00       0.550520      0.035045  # (100.0, 40.0)
393606     207         0.097780        1.00       0.550520      0.040535  # (100.0, 40.0)
393607     206         0.269345        1.00       0.470210      0.035045  # (100.0, 60.0)
393607     207         0.097780        1.00       0.470210      0.040535  # (100.0, 60.0)
393608     206         0.269345        1.00       0.280550      0.035045  # (100.0, 80.0)
393608     207         0.097780        1.00       0.280550      0.040535  # (100.0, 80.0)
393609     206         0.140621        1.00       0.650180      0.035995  # (120.0, 1.0)
393609     207         0.051904        1.00       0.650180      0.042179  # (120.0, 1.0)
393610     206         0.140621        1.00       0.649160      0.035995  # (120.0, 20.0)
393610     207         0.051904        1.00       0.649160      0.042179  # (120.0, 20.0)
393611     206         0.140621        1.00       0.631110      0.035995  # (120.0, 40.0)
393611     207         0.051904        1.00       0.631110      0.042179  # (120.0, 40.0)
393612     206         0.140621        1.00       0.584790      0.035995  # (120.0, 60.0)
393612     207         0.051904        1.00       0.584790      0.042179  # (120.0, 60.0)
393613     206         0.140621        1.00       0.500180      0.035995  # (120.0, 80.0)
393613     207         0.051904        1.00       0.500180      0.042179  # (120.0, 80.0)
393614     206         0.140621        1.00       0.291760      0.035995  # (120.0, 100.0)
393614     207         0.051904        1.00       0.291760      0.042179  # (120.0, 100.0)
393615     206         0.080792        1.00       0.700010      0.038257  # (140.0, 1.0)
393615     207         0.030160        1.00       0.700010      0.043880  # (140.0, 1.0)
393616     206         0.080792        1.00       0.693320      0.038257  # (140.0, 20.0)
393616     207         0.030160        1.00       0.693320      0.043880  # (140.0, 20.0)
393617     206         0.080792        1.00       0.688530      0.038257  # (140.0, 40.0)
393617     207         0.030160        1.00       0.688530      0.043880  # (140.0, 40.0)
393618     206         0.080792        1.00       0.656790      0.038257  # (140.0, 60.0)
393618     207         0.030160        1.00       0.656790      0.043880  # (140.0, 60.0)
393619     206         0.080792        1.00       0.615290      0.038257  # (140.0, 80.0)
393619     207         0.030160        1.00       0.615290      0.043880  # (140.0, 80.0)
393620     206         0.080792        1.00       0.520530      0.038257  # (140.0, 100.0)
393620     207         0.030160        1.00       0.520530      0.043880  # (140.0, 100.0)
393621     206         0.080792        1.00       0.296700      0.038257  # (140.0, 120.0)
393621     207         0.030160        1.00       0.296700      0.043880  # (140.0, 120.0)
393622     206         0.049677        1.00       0.734900      0.040351  # (160.0, 1.0)
393622     207         0.018698        1.00       0.734900      0.045608  # (160.0, 1.0)
393623     206         0.049677        1.00       0.731940      0.040351  # (160.0, 20.0)
393623     207         0.018698        1.00       0.731940      0.045608  # (160.0, 20.0)
393624     206         0.049677        1.00       0.722100      0.040351  # (160.0, 40.0)
393624     207         0.018698        1.00       0.722100      0.045608  # (160.0, 40.0)
393625     206         0.049677        1.00       0.711040      0.040351  # (160.0, 60.0)
393625     207         0.018698        1.00       0.711040      0.045608  # (160.0, 60.0)
393626     206         0.049677        1.00       0.682030      0.040351  # (160.0, 80.0)
393626     207         0.018698        1.00       0.682030      0.045608  # (160.0, 80.0)
393627     206         0.049677        1.00       0.631100      0.040351  # (160.0, 100.0)
393627     207         0.018698        1.00       0.631100      0.045608  # (160.0, 100.0)
393628     206         0.049677        1.00       0.535050      0.040351  # (160.0, 120.0)
393628     207         0.018698        1.00       0.535050      0.045608  # (160.0, 120.0)
393629     206         0.049677        1.00       0.303360      0.040351  # (160.0, 140.0)
393629     207         0.018698        1.00       0.303360      0.045608  # (160.0, 140.0)