371259 2     0.0141903000               1     1     0.2272960000
371255 2     0.0141903000               1     1     0.2272960000
371261 2     0.0141903000               1     1     0.2272960000
371269 2     0.008089760318398476       1     1     0.244372189045
371218 2     0.3253876864910126         1     1     0.167580008507
371200 2     9.2035300000               1     1     0.1371850000
371219 2     0.3253876864910126         1     1     0.167580008507
371221 2     0.3253876864910126         1     1     0.167580008507
371235 2     0.08564179390668869        1     1     0.18481425941
371276 2     0.0047032300               1     1     0.2610210000
371230 2     0.08564179390668869        1     1     0.18481425941
371244 2     0.0460525000               1     1     0.1964000000
371253 2     0.02526012621819973        1     1     0.210963279009
371249 2     0.02526012621819973        1     1     0.210963279009
371260 2     0.0141903000               1     1     0.2272960000
371206 2     1.4891000000               1     1     0.1501670000
371214 2     0.6774780000               1     1     0.1587620000
371211 2     1.4891000000               1     1     0.1501670000
371248 2     0.02526012621819973        1     1     0.210963279009
371231 2     0.08564179390668869        1     1     0.18481425941
371242 2     0.0460525000               1     1     0.1964000000
371266 2     0.008089760318398476       1     1     0.244372189045
371257 2     0.0141903000               1     1     0.2272960000
371277 2     0.0047032300               1     1     0.2610210000
371249 2     0.02526012621819973        1     1     0.210963279009
371232 2     0.08564179390668869        1     1     0.18481425941
371238 2     0.0460525000               1     1     0.1964000000
371226 2     0.1634910000               1     1     0.1764020000
371273 2     0.0047032300               1     1     0.2610210000
371220 2     0.3253876864910126         1     1     0.167580008507
371217 2     0.3253876864910126         1     1     0.167580008507
371227 2     0.1634910000               1     1     0.1764020000
371204 2     9.2035300000               1     1     0.1371850000
371241 2     0.0460525000               1     1     0.1964000000
371251 2     0.02526012621819973        1     1     0.210963279009
371252 2     0.02526012621819973        1     1     0.210963279009
371258 2     0.0141903000               1     1     0.2272960000
371226 2     0.1634910000               1     1     0.1764020000
371233 2     0.08564179390668869        1     1     0.18481425941
371265 2     0.008089760318398476       1     1     0.244372189045
371234 2     0.08564179390668869        1     1     0.18481425941
371274 2     0.0047032300               1     1     0.2610210000
371202 2     9.2035300000               1     1     0.1371850000
371224 2     0.1634910000               1     1     0.1764020000
371203 2     9.2035300000               1     1     0.1371850000
371225 2     0.1634910000               1     1     0.1764020000
371237 2     0.0460525000               1     1     0.1964000000
371246 2     0.02526012621819973        1     1     0.210963279009
371210 2     1.4891000000               1     1     0.1501670000
371201 2     9.2035300000               1     1     0.1371850000
371268 2     0.008089760318398476       1     1     0.244372189045
371208 2     1.4891000000               1     1     0.1501670000
371267 2     0.008089760318398476       1     1     0.244372189045
371264 2     0.008089760318398476       1     1     0.244372189045
371242 2     0.0460525000               1     1     0.1964000000
371229 2     0.08564179390668869        1     1     0.18481425941
371275 2     0.0047032300               1     1     0.2610210000
371213 2     0.6774780000               1     1     0.1587620000
371209 2     1.4891000000               1     1     0.1501670000
371239 2     0.0460525000               1     1     0.1964000000
371250 2     0.02526012621819973        1     1     0.210963279009
371205 2     3.5251000000               1     1     0.1410340000
371240 2     0.0460525000               1     1     0.1964000000
371247 2     0.02526012621819973        1     1     0.210963279009
371223 2     0.1634910000               1     1     0.1764020000
371243 2     0.0460525000               1     1     0.1964000000
371207 2     1.4891000000               1     1     0.1501670000
371216 2     0.3253876864910126         1     1     0.167580008507
371256 2     0.0141903000               1     1     0.2272960000
