# grid   : Direct stau production 13 TeV.
# author : da.xu@cern.ch (please report any problems)
# date   : 23.09.2016
#
# Cross sections: nominal value from Resummino; uncert from Prospino
# Filter efficiencies from AMI
#
#SAMPLE     FS   CROSSECTION[pb]     K-FACTOR     FILTEREFF   REL.UNCERT
392570     206      0.13736413    1.00000000    1.00000000   0.03825203 # (80.0, 0.0)
392570     207      0.34683364    1.00000000    1.00000000   0.03216632 # (80.0, 0.0)
392571     206      0.13736413    1.00000000    1.00000000   0.03825203 # (80.0, 20.0)
392571     207      0.34683364    1.00000000    1.00000000   0.03216632 # (80.0, 20.0)
392572     206      0.13736413    1.00000000    1.00000000   0.03825203 # (80.0, 40.0)
392572     207      0.34683364    1.00000000    1.00000000   0.03216632 # (80.0, 40.0)
392573     206      0.073339486   1.00000000    1.00000000   0.03910358 # (100.0, 0.0)
392573     207      0.18712392    1.00000000    1.00000000   0.04197804 # (100.0, 0.0)
392574     206      0.073339486   1.00000000    1.00000000   0.03910358 # (100.0, 20.0)
392574     207      0.18712392    1.00000000    1.00000000   0.04197804 # (100.0, 20.0)
392575     206      0.073339486   1.00000000    1.00000000   0.03910358 # (100.0, 40.0)
392575     207      0.18712392    1.00000000    1.00000000   0.04197804 # (100.0, 40.0)
392576     206      0.042224136   1.00000000    1.00000000   0.04237052 # (120.0, 0.0)
392576     207      0.10825221    1.00000000    1.00000000   0.04002997 # (120.0, 0.0)
392577     206      0.042224136   1.00000000    1.00000000   0.04237052 # (120.0, 20.0)
392577     207      0.10825221    1.00000000    1.00000000   0.04002997 # (120.0, 20.0)
392578     206      0.042224136   1.00000000    1.00000000   0.04237052 # (120.0, 40.0)
392578     207      0.10825221    1.00000000    1.00000000   0.04002997 # (120.0, 40.0)
392579     206      0.025805903   1.00000000    1.00000000   0.04555250 # (140.0, 0.0)
392579     207      0.066295137   1.00000000    1.00000000   0.04274219 # (140.0, 0.0)
392580     206      0.025805903   1.00000000    1.00000000   0.04555250 # (140.0, 20.0)
392580     207      0.066295137   1.00000000    1.00000000   0.04274219 # (140.0, 20.0)
392581     206      0.025805903   1.00000000    1.00000000   0.04555250 # (140.0, 40.0)
392581     207      0.066295137   1.00000000    1.00000000   0.04274219 # (140.0, 40.0)
