390800	61			82.2541					1.0	0.46680		0.144677
390801	61			40.5941					1.0	0.49081		0.142634
390802	61			21.5949					1.0	0.52867		0.140595
390803	61			21.5949					1.0	0.50032		0.140595
390804	61			21.5949					1.0	0.45435		0.140595
390805	61			8.51615					1.0	0.57684		0.139223
390806	61			8.51615					1.0	0.54178		0.139223
390807	61			8.51615					1.0	0.49527		0.139223
390808	61			3.78661					1.0	0.60390		0.136877
390809	61			3.78661					1.0	0.61149		0.136877
390810	61			3.78661					1.0	0.57495		0.136877
390811	61			3.78661					1.0	0.52676		0.136877
390812	61			1.83537					1.0	0.63447		0.136985
390813	61			1.83537					1.0	0.64060		0.136985
390814	61			1.83537					1.0	0.60364		0.136985
390815	61			1.83537					1.0	0.55476		0.136985
390816	61			0.948333				1.0	0.65679		0.134559
390817	61			0.948333				1.0	0.66503		0.134559
390818	61			0.948333				1.0	0.62378		0.134559
390819	61			0.948333				1.0	0.57309		0.134559
390820	61			0.51848					1.0	0.67483		0.133797
390821	61			0.51848					1.0	0.68011		0.133797
390822	61			0.51848					1.0	0.63898		0.133797
390823	61			0.51848					1.0	0.59149		0.133797
390824	61			0.296128				1.0	0.69376		0.132687
390825	61			0.296128				1.0	0.70003		0.132687
390826	61			0.296128				1.0	0.65906		0.132687
390827	61			0.296128				1.0	0.60996		0.132687
390828	61			0.174599				1.0	0.70577		0.132074
390829	61			0.174599				1.0	0.70686		0.132074
390830	61			0.174599				1.0	0.66614		0.132074
390831	61			0.174599				1.0	0.62190		0.132074
390832	61			0.107045				1.0	0.71894		0.129232
390833	61			0.107045				1.0	0.72246		0.129232
390834	61			0.107045				1.0	0.67813		0.129232
390835	61			0.107045				1.0	0.63802		0.129232
