#SAMPLE     FS   CROSSECTION[pb]     K-FACTOR     FILTEREFF   REL.UNCERT
393650    157    11.6119      1.00     5.2647E-02    0.0446622  #100p0_1p0
393651    157    11.6119      1.00     5.1548E-02    0.0446622  #100p0_15p0
393652    157    11.6119      1.00     4.7104E-02    0.0446622  #100p0_25p0
393653    157    11.6119      1.00     3.6461E-02    0.0446622  #100p0_50p0
393654    157    11.6119      1.00     1.9800E-02    0.0446622  #100p0_75p0
393656    157    2.61231      1.00     5.7929E-02    0.0528865  #150p0_50p0
393657    157    2.61231      1.00     5.6603E-02    0.0528865  #150p0_65p0
393658    157    2.61231      1.00     5.2751E-02    0.0528865  #150p0_75p0
393659    157    2.61231      1.00     3.9846E-02    0.0528865  #150p0_100p0
393661    157    0.902569     1.00     6.4868E-02    0.0595424  #200p0_1p0
393662    157    0.902569     1.00     6.3972E-02    0.0595424  #200p0_50p0
393663    157    0.902569     1.00     6.1268E-02    0.0595424  #200p0_100p0
393664    157    0.902569     1.00     6.0184E-02    0.0595424  #200p0_115p0
393665    157    0.902569     1.00     5.5429E-02    0.0595424  #200p0_125p0
393666    157    0.902569     1.00     4.2754E-02    0.0595424  #200p0_150p0
393668    157    0.387534     1.00     6.7444E-02    0.0653184  #250p0_1p0
393670    157    0.387534     1.00     6.6589E-02    0.0653184  #250p0_100p0
393671    157    0.387534     1.00     6.3534E-02    0.0653184  #250p0_150p0
393672    157    0.387534     1.00     4.3659E-02    0.0653184  #250p0_200p0
393674    157    0.190159     1.00     7.1427E-02    0.0706977  #300p0_1p0
393675    157    0.190159     1.00     7.1455E-02    0.0706977  #300p0_50p0
393676    157    0.190159     1.00     6.9315E-02    0.0706977  #300p0_100p0
393677    157    0.190159     1.00     6.8464E-02    0.0706977  #300p0_150p0
393678    157    0.190159     1.00     6.5195E-02    0.0706977  #300p0_200p0
393679    157    0.190159     1.00     4.4733E-02    0.0706977  #300p0_250p0
393681    157    0.0586311    1.00     7.8643E-02    0.080633   #400p0_1p0
393682    157    0.0586311    1.00     7.7957E-02    0.080633   #400p0_50p0
393683    157    0.0586311    1.00     7.7315E-02    0.080633   #400p0_100p0
393684    157    0.0586311    1.00     7.7176E-02    0.080633   #400p0_150p0
393685    157    0.0586311    1.00     7.3571E-02    0.080633   #400p0_200p0
393686    157    0.0586311    1.00     6.6160E-02    0.080633   #400p0_300p0
393687    157    0.0586311    1.00     4.5722E-02    0.080633   #400p0_350p0
393688    157    0.0221265    1.00     8.5140E-02    0.0880862  #500p0_1p0
393690    157    0.0221265    1.00     8.1471E-02    0.0880862  #500p0_200p0
393692    157    0.0221265    1.00     6.6260E-02    0.0880862  #500p0_400p0
