# author : keisuke.yoshihara@cern.ch (please report any problems)
# date   : 14/02/2017
DSID     FS   CROSSECTION[pb]     K-FACTOR     FILTEREFF   REL.UNCERT
#
# wino NLSP (M2 = 2*M1) grid (stop pair production)	
#
389370 61 14.6459 1.0 0.36021 0.139278
389371 61 16.112 1.0 0.36676 0.139531
389372 61 16.112 1.0 0.34319 0.139531
389373 61 3.25619 1.0 0.54098 0.138002
389374 61 3.25619 1.0 0.56149 0.138002
389375 61 3.25619 1.0 0.64796 0.138002
389376 61 1.14553 1.0 0.66242 0.135478
389377 61 1.14553 1.0 0.66309 0.135478
389378 61 1.14553 1.0 0.72054 0.135478
389379 61 1.07484 1.0 0.74122 0.137238
389380 61 0.51848 1.0 1.0 0.133797
389381 61 0.51848 1.0 1.0 0.133797
389382 61 0.489324 1.0 1.0 0.133608
389383 61 0.489324 1.0 1.0 0.133608
389384 61 0.251557 1.0 1.0 0.131731
389385 61 0.251557 1.0 1.0 0.131731
389386 61 0.251557 1.0 1.0 0.131731
389387 61 0.251557 1.0 1.0 0.131731
389388 61 0.238537 1.0 1.0 0.133409
389389 61 0.136372 1.0 1.0 0.127962
389390 61 0.136372 1.0 1.0 0.127962
389391 61 0.136372 1.0 1.0 0.127962
389392 61 0.136372 1.0 1.0 0.127962
389393 61 0.136372 1.0 1.0 0.127962
389394 61 0.0806192 1.0 1.0 0.131131
389395 61 0.0806192 1.0 1.0 0.131131
389396 61 0.0806192 1.0 1.0 0.131131
389397 61 0.0806192 1.0 1.0 0.131131
389398 61 0.0769099 1.0 1.0 0.131517
389399 61 0.0769099 1.0 1.0 0.131517
389400 61 0.0491001 1.0 1.0 0.136268
389401 61 0.0491001 1.0 1.0 0.136268
389402 61 0.0491001 1.0 1.0 0.136268
389403 61 0.0491001 1.0 1.0 0.136268
389404 61 0.0470801 1.0 1.0 0.136895
389405 61 0.0470801 1.0 1.0 0.136895
389406 61 0.0307373 1.0 1.0 0.14115
389407 61 0.0307373 1.0 1.0 0.14115
389408 61 0.0307373 1.0 1.0 0.14115
389409 61 0.0307373 1.0 1.0 0.14115
389410 61 0.0307373 1.0 1.0 0.14115
389411 61 0.0295348 1.0 1.0 0.141397
389412 61 0.0295348 1.0 1.0 0.141397
389413 61 0.0204715 1.0 1.0 0.146131
389414 61 0.0204715 1.0 1.0 0.146131
389415 61 0.0197653 1.0 1.0 0.146602
389416 61 0.0197653 1.0 1.0 0.146602
389417 61 0.0197653 1.0 1.0 0.146602
389418 61 0.0197653 1.0 1.0 0.146602
389419 61 0.0189612 1.0 1.0 0.14702
389420 61 0.0133962 1.0 1.0 0.151325
389421 61 0.0133962 1.0 1.0 0.151325
389422 61 0.0133962 1.0 1.0 0.151325
389423 61 0.0133962 1.0 1.0 0.151325
389424 61 0.0133962 1.0 1.0 0.151325
389425 61 0.0128895 1.0 1.0 0.152026
389426 61 0.0128895 1.0 1.0 0.152026
389427 61 0.0128895 1.0 1.0 0.152026
389428 61 0.00916636 1.0 1.0 0.156849
389429 61 0.00916636 1.0 1.0 0.156849
389430 61 0.00916636 1.0 1.0 0.156849
389431 61 0.00916636 1.0 1.0 0.156849
389432 61 0.00916636 1.0 1.0 0.156849
389433 61 0.00883465 1.0 1.0 0.157177
389434 61 0.00883465 1.0 1.0 0.157177
389435 61 0.00883465 1.0 1.0 0.157177
389436 61 0.00637546 1.0 1.0 0.162158
389437 61 0.00637546 1.0 1.0 0.162158
389438 61 0.00615134 1.0 1.0 0.162953
389439 61 0.00615134 1.0 1.0 0.162953
389440 61 0.00615134 1.0 1.0 0.162953
389441 61 0.00615134 1.0 1.0 0.162953
389442 61 0.00593765 1.0 1.0 0.163716
389443 61 0.00593765 1.0 1.0 0.163716
389444 61 0.00593765 1.0 1.0 0.163716
389445 61 0.00447537 1.0 1.0 0.167071
389446 61 0.00432261 1.0 1.0 0.167859
389447 61 0.00432261 1.0 1.0 0.167859
389448 61 0.00432261 1.0 1.0 0.167859
389449 61 0.00432261 1.0 1.0 0.167859
389450 61 0.00432261 1.0 1.0 0.167859
389451 61 0.00432261 1.0 1.0 0.167859
389452 61 0.00417983 1.0 1.0 0.168637
389453 61 0.00417983 1.0 1.0 0.168637
389454 61 0.00307413 1.0 1.0 0.173377
389455 61 0.00307413 1.0 1.0 0.173377
389456 61 0.00307413 1.0 1.0 0.173377
389457 61 0.00307413 1.0 1.0 0.173377
389458 61 0.00307413 1.0 1.0 0.173377
389459 61 0.00307413 1.0 1.0 0.173377
389460 61 0.00297377 1.0 1.0 0.173822
389461 61 0.00297377 1.0 1.0 0.173822
389462 61 0.00297377 1.0 1.0 0.173822
389463 61 8.51615 1.0 0.42048 0.139223
389464 61 8.51615 1.0 0.44329 0.139223
389465 61 7.81428 1.0 0.44925 0.138996
389466 61 2.43031 1.0 0.57494 0.136999
389467 61 2.43031 1.0 0.60761 0.136999
389468 61 2.26365 1.0 0.67039 0.13728
389469 61 0.948333 1.0 0.67581 0.134559
389470 61 0.948333 1.0 0.68361 0.134559
389471 61 0.948333 1.0 0.73786 0.134559
389472 61 0.890847 1.0 0.77335 0.134587
389473 61 0.462439 1.0 1.0 0.133046
389474 61 0.462439 1.0 1.0 0.133046
389475 61 0.436832 1.0 1.0 0.133703
389476 61 0.436832 1.0 1.0 0.133703
389477 61 0.238537 1.0 1.0 0.133409
389478 61 0.238537 1.0 1.0 0.133409
389479 61 0.238537 1.0 1.0 0.133409
389480 61 0.226118 1.0 1.0 0.132741
389481 61 0.226118 1.0 1.0 0.132741
389482 61 0.136372 1.0 1.0 0.127962
389483 61 0.129886 1.0 1.0 0.132957
389484 61 0.129886 1.0 1.0 0.132957
389485 61 0.129886 1.0 1.0 0.132957
389486 61 0.129886 1.0 1.0 0.132957
389487 61 0.0806192 1.0 1.0 0.131131
389488 61 0.0769099 1.0 1.0 0.131517
389489 61 0.0769099 1.0 1.0 0.131517
389490 61 0.0769099 1.0 1.0 0.131517
389491 61 0.0769099 1.0 1.0 0.131517
389492 61 0.0734901 1.0 1.0 0.132344
389493 61 0.0491001 1.0 1.0 0.136268
389494 61 0.0491001 1.0 1.0 0.136268
389495 61 0.0491001 1.0 1.0 0.136268
389496 61 0.0470801 1.0 1.0 0.136895
389497 61 0.0470801 1.0 1.0 0.136895
389498 61 0.0470801 1.0 1.0 0.136895
389499 61 0.0307373 1.0 1.0 0.14115
389500 61 0.0307373 1.0 1.0 0.14115
389501 61 0.0307373 1.0 1.0 0.14115
389502 61 0.0307373 1.0 1.0 0.14115
389503 61 0.0295348 1.0 1.0 0.141397
389504 61 0.0295348 1.0 1.0 0.141397
389505 61 0.0295348 1.0 1.0 0.141397
389506 61 0.0204715 1.0 1.0 0.146131
389507 61 0.0204715 1.0 1.0 0.146131
389508 61 0.0204715 1.0 1.0 0.146131
389509 61 0.0197653 1.0 1.0 0.146602
389510 61 0.0197653 1.0 1.0 0.146602
389511 61 0.0197653 1.0 1.0 0.146602
389512 61 0.0189612 1.0 1.0 0.14702
389513 61 0.0133962 1.0 1.0 0.151325
389514 61 0.0133962 1.0 1.0 0.151325
389515 61 0.0133962 1.0 1.0 0.151325
389516 61 0.0133962 1.0 1.0 0.151325
389517 61 0.0133962 1.0 1.0 0.151325
389518 61 0.0128895 1.0 1.0 0.152026
389519 61 0.0128895 1.0 1.0 0.152026
389520 61 0.0128895 1.0 1.0 0.152026
389521 61 0.00916636 1.0 1.0 0.156849
389522 61 0.00916636 1.0 1.0 0.156849
389523 61 0.00916636 1.0 1.0 0.156849
389524 61 0.00916636 1.0 1.0 0.156849
389525 61 0.00916636 1.0 1.0 0.156849
389526 61 0.00883465 1.0 1.0 0.157177
389527 61 0.00883465 1.0 1.0 0.157177
389528 61 0.00883465 1.0 1.0 0.157177
389529 61 0.00637546 1.0 1.0 0.162158
389530 61 0.00637546 1.0 1.0 0.162158
389531 61 0.00637546 1.0 1.0 0.162158
389532 61 0.00637546 1.0 1.0 0.162158
389533 61 0.00615134 1.0 1.0 0.162953
389534 61 0.00615134 1.0 1.0 0.162953
389535 61 0.00615134 1.0 1.0 0.162953
389536 61 0.00593765 1.0 1.0 0.163716
389537 61 0.00593765 1.0 1.0 0.163716
389538 61 0.00447537 1.0 1.0 0.167071
389539 61 0.00447537 1.0 1.0 0.167071
389540 61 0.00447537 1.0 1.0 0.167071
389541 61 0.00432261 1.0 1.0 0.167859
389542 61 0.00432261 1.0 1.0 0.167859
389543 61 0.00432261 1.0 1.0 0.167859
389544 61 0.00432261 1.0 1.0 0.167859
389545 61 0.00417983 1.0 1.0 0.168637
389546 61 0.00417983 1.0 1.0 0.168637
389547 61 0.00317628 1.0 1.0 0.172617
389548 61 0.00317628 1.0 1.0 0.172617
389549 61 0.00307413 1.0 1.0 0.173377
389550 61 0.00307413 1.0 1.0 0.173377
389551 61 0.00307413 1.0 1.0 0.173377
389552 61 0.00307413 1.0 1.0 0.173377
389553 61 0.00307413 1.0 1.0 0.173377
389554 61 0.00297377 1.0 1.0 0.173822
389555 61 0.00297377 1.0 1.0 0.173822