# author : itzebelt.santoyo.castillo@cern.ch (please report any problems)
# date   : 17/9/2015
# update :
# brief  : Based on https://twiki.cern.ch/twiki/bin/view/LHCPhysics/SUSYCrossSections13TeVn2x1wino
#          Note by alaettin.serhan.mete@cern.h as of 17/9/2015, the filterEff per process should
#          be calculated and used, not what AMI reports - which is for 125+127. 
#          However, given the similarity of processes 125 and 127, current values
#          should be OK to the first order, but eventually must be corrected.
# format : datasetID   finalState   XS   BF   filterEff   relUncertainty
392402  125     3.27384          1.000000       0.35884         0.0388458       # 150
392405  125     1.17026          1.000000       0.3571  	0.046853        # 200
392406  125     1.17026          1.000000       0.37784         0.046853        # 200
392409  125     0.260319         1.000000       0.36973         0.0597429       # 300
392410  125     0.260319         1.000000       0.38474         0.0597429       # 300
392411  125     0.260319         1.000000       0.39629         0.0597429       # 300
392414  125     0.0839069        1.000000       0.37524         0.0721467       # 400
392415  125     0.0839069        1.000000       0.39431         0.0721467       # 400
392416  125     0.0839069        1.000000       0.40571         0.0721467       # 400
392417  125     0.0839069        1.000000       0.40427         0.0721467       # 400
392420  125     0.0329135        1.000000       0.37959         0.0830793       # 500
392421  125     0.0329135        1.000000       0.39579         0.0830793       # 500
392422  125     0.0329135        1.000000       0.40285         0.0830793       # 500
392423  125     0.0329135        1.000000       0.40305         0.0830793       # 500
392424  125     0.0329135        1.000000       0.40714         0.0830793       # 500
392425  125     0.0329135        1.000000       0.4064  	0.0830793       # 500
392428  125     0.0145767        1.000000       0.37929         0.0947848       # 600
392429  125     0.0145767        1.000000       0.40013         0.0947848       # 600
392430  125     0.0145767        1.000000       0.40711         0.0947848       # 600
392431  125     0.0145767        1.000000       0.41237         0.0947848       # 600
392432  125     0.0145767        1.000000       0.41414         0.0947848       # 600
392433  125     0.0145767        1.000000       0.41211         0.0947848       # 600
392434  125     0.0145767        1.000000       0.41169         0.0947848       # 600
392435  125     0.00699008       1.000000       0.40141         0.1021466       # 700
392436  125     0.00699008       1.000000       0.41088         0.1021466       # 700
392437  125     0.00699008       1.000000       0.41297         0.1021466       # 700
392438  125     0.00699008       1.000000       0.41472         0.1021466       # 700
392439  125     0.00699008       1.000000       0.4184  	0.1021466       # 700
392440  125     0.00699008       1.000000       0.41636         0.1021466       # 700
392441  125     0.00699008       1.000000       0.41227         0.1021466       # 700
392442  125     0.00354111       1.000000       0.40662         0.1099127       # 800
392443  125     0.00354111       1.000000       0.40719         0.1099127       # 800
392444  125     0.00354111       1.000000       0.4107  	0.1099127       # 800
392445  125     0.00354111       1.000000       0.41552         0.1099127       # 800
392446  125     0.00354111       1.000000       0.41373         0.1099127       # 800
392447  125     0.00187338       1.000000       0.39962         0.1156551       # 900
392448  125     0.00187338       1.000000       0.40704         0.1156551       # 900
392449  125     0.00187338       1.000000       0.41338         0.1156551       # 900
392450  125     0.00187338       1.000000       0.41834         0.1156551       # 900
392451  125     0.00187338       1.000000       0.41623         0.1156551       # 900
392452  125     0.00187338       1.000000       0.42029         0.1156551       # 900
392453  125     0.00187338       1.000000       0.42292         0.1156551       # 900
392454  125     0.00187338       1.000000       0.41746         0.1156551       # 900
392455  125     0.00187338       1.000000       0.41423         0.1156551       # 900
392456  125     0.00101451       1.000000       0.39899         0.1216824       # 1000
392457  125     0.00101451       1.000000       0.41215         0.1216824       # 1000
392458  125     0.00101451       1.000000       0.41444         0.1216824       # 1000
392459  125     0.00101451       1.000000       0.42997         0.1216824       # 1000
392460  125     0.00101451       1.000000       0.42729         0.1216824       # 1000
392461  125     0.00101451       1.000000       0.40991         0.1216824       # 1000
392462  125     0.00101451       1.000000       0.41688         0.1216824       # 1000
392463  125     0.00101451       1.000000       0.42329         0.1216824       # 1000
392464  125     0.00101451       1.000000       0.4207  	0.1216824       # 1000
392465  125     0.00101451       1.000000       0.42132         0.1216824       # 1000
392466  125     0.00055945       1.000000       0.39963         0.127092        # 1100
392467  125     0.00055945       1.000000       0.4142  	0.127092        # 1100
392468  125     0.00055945       1.000000       0.413   	0.127092        # 1100
392469  125     0.00055945       1.000000       0.41413         0.127092        # 1100
392470  125     0.00055945       1.000000       0.42713         0.127092        # 1100
392471  125     0.00055945       1.000000       0.42037         0.127092        # 1100
392472  125     0.00055945       1.000000       0.42358         0.127092        # 1100
392473  125     0.00055945       1.000000       0.4221  	0.127092        # 1100
392474  125     0.00055945       1.000000       0.4125  	0.127092        # 1100
392475  125     0.00055945       1.000000       0.41757         0.127092        # 1100
392476  125     0.00055945       1.000000       0.41832         0.127092        # 1100
392477  125     0.00031567       1.000000       0.41229         0.1317455       # 1200
392478  125     0.00031567       1.000000       0.42352         0.1317455       # 1200
392479  125     0.00031567       1.000000       0.42247         0.1317455       # 1200
392480  125     0.00031567       1.000000       0.424   	0.1317455       # 1200
392481  125     0.00031567       1.000000       0.42287         0.1317455       # 1200
392482  125     0.00031567       1.000000       0.40837         0.1317455       # 1200
392402  127     1.90704          1.000000       0.35884         0.0661717       # 150
392405  127     0.63714          1.000000       0.3571 		0.0729927       # 200
392406  127     0.63714          1.000000       0.37784         0.0729927       # 200
392409  127     0.126627         1.000000       0.36973         0.0854573       # 300
392410  127     0.126627         1.000000       0.38474         0.0854573       # 300
392411  127     0.126627         1.000000       0.39629         0.0854573       # 300
392414  127     0.03712          1.000000       0.37524         0.0963933       # 400
392415  127     0.03712          1.000000       0.39431         0.0963933       # 400
392416  127     0.03712          1.000000       0.40571         0.0963933       # 400
392417  127     0.03712          1.000000       0.40427         0.0963933       # 400
392420  127     0.0134441        1.000000       0.37959         0.1067747       # 500
392421  127     0.0134441        1.000000       0.39579         0.1067747       # 500
392422  127     0.0134441        1.000000       0.40285         0.1067747       # 500
392423  127     0.0134441        1.000000       0.40305         0.1067747       # 500
392424  127     0.0134441        1.000000       0.40714         0.1067747       # 500
392425  127     0.0134441        1.000000       0.4064  	0.1067747       # 500
392428  127     0.00556289       1.000000       0.37929         0.1196261       # 600
392429  127     0.00556289       1.000000       0.40013         0.1196261       # 600
392430  127     0.00556289       1.000000       0.40711         0.1196261       # 600
392431  127     0.00556289       1.000000       0.41237         0.1196261       # 600
392432  127     0.00556289       1.000000       0.41414         0.1196261       # 600
392433  127     0.00556289       1.000000       0.41211         0.1196261       # 600
392434  127     0.00556289       1.000000       0.41169         0.1196261       # 600
392435  127     0.0025208        1.000000       0.40141         0.1299699       # 700
392436  127     0.0025208        1.000000       0.41088         0.1299699       # 700
392437  127     0.0025208        1.000000       0.41297         0.1299699       # 700
392438  127     0.0025208        1.000000       0.41472         0.1299699       # 700
392439  127     0.0025208        1.000000       0.4184  	0.1299699       # 700
392440  127     0.0025208        1.000000       0.41636         0.1299699       # 700
392441  127     0.0025208        1.000000       0.41227         0.1299699       # 700
392442  127     0.0012175        1.000000       0.40662         0.1438784       # 800
392443  127     0.0012175        1.000000       0.40719         0.1438784       # 800
392444  127     0.0012175        1.000000       0.4107  	0.1438784       # 800
392445  127     0.0012175        1.000000       0.41552         0.1438784       # 800
392446  127     0.0012175        1.000000       0.41373         0.1438784       # 800
392447  127     0.000623379      1.000000       0.39962         0.1563785       # 900
392448  127     0.000623379      1.000000       0.40704         0.1563785       # 900
392449  127     0.000623379      1.000000       0.41338         0.1563785       # 900
392450  127     0.000623379      1.000000       0.41834         0.1563785       # 900
392451  127     0.000623379      1.000000       0.41623         0.1563785       # 900
392452  127     0.000623379      1.000000       0.42029         0.1563785       # 900
392453  127     0.000623379      1.000000       0.42292         0.1563785       # 900
392454  127     0.000623379      1.000000       0.41746         0.1563785       # 900
392455  127     0.000623379      1.000000       0.41423         0.1563785       # 900
392456  127     0.000329002      1.000000       0.39899         0.1585787       # 1000
392457  127     0.000329002      1.000000       0.41215         0.1585787       # 1000
392458  127     0.000329002      1.000000       0.41444         0.1585787       # 1000
392459  127     0.000329002      1.000000       0.42997         0.1585787       # 1000
392460  127     0.000329002      1.000000       0.42729         0.1585787       # 1000
392461  127     0.000329002      1.000000       0.40991         0.1585787       # 1000
392462  127     0.000329002      1.000000       0.41688         0.1585787       # 1000
392463  127     0.000329002      1.000000       0.42329         0.1585787       # 1000
392464  127     0.000329002      1.000000       0.4207  	0.1585787       # 1000
392465  127     0.000329002      1.000000       0.42132         0.1585787       # 1000
392466  127     0.000180922      1.000000       0.39963         0.1994357       # 1100
392467  127     0.000180922      1.000000       0.4142  	0.1994357       # 1100
392468  127     0.000180922      1.000000       0.413   	0.1994357       # 1100
392469  127     0.000180922      1.000000       0.41413         0.1994357       # 1100
392470  127     0.000180922      1.000000       0.42713         0.1994357       # 1100
392471  127     0.000180922      1.000000       0.42037         0.1994357       # 1100
392472  127     0.000180922      1.000000       0.42358         0.1994357       # 1100
392473  127     0.000180922      1.000000       0.4221  	0.1994357       # 1100
392474  127     0.000180922      1.000000       0.4125  	0.1994357       # 1100
392475  127     0.000180922      1.000000       0.41757         0.1994357       # 1100
392476  127     0.000180922      1.000000       0.41832         0.1994357       # 1100
392477  127     0.000100687      1.000000       0.41229         0.1673384       # 1200
392478  127     0.000100687      1.000000       0.42352         0.1673384       # 1200
392479  127     0.000100687      1.000000       0.42247         0.1673384       # 1200
392480  127     0.000100687      1.000000       0.424   	0.1673384       # 1200
392481  127     0.000100687      1.000000       0.42287         0.1673384       # 1200
392482  127     0.000100687      1.000000       0.40837         0.1673384       # 1200
