403418	1	98.0459		1	1	0.138343
403419	1	9.20353		1	1	0.137185
403420	1	1.4891		1	1	15.0167
403421	1	0.325388	1	1	16.758
403422	1	0.0856418	1	1	18.4814
403423	1	0.0252977	1	1	20.9163
403424	1	0.00810078	1	1	24.2679
403425	1	0.00276133	1	1	28.108
403454	1	9.20353		1	1	0.137185
403455	1	1.4891		1	1	15.0167
403456	1	0.325388	1	1	16.758
403457	1	0.0856418	1	1	18.4814
403458	1	0.0252977	1	1	20.9163
403459	1	0.00810078	1	1	24.2679
403460	1	0.00276133	1	1	28.108
403461	1	1.4891		1	1	15.0167
403462	1	0.325388	1	1	16.758
403463	1	0.0856418	1	1	18.4814
403464	1	0.0252977	1	1	20.9163
403465	1	0.00810078	1	1	24.2679
403466	1	0.00276133	1	1	28.108
403467	1	0.325388	1	1	16.758
403468	1	0.0856418	1	1	18.4814
403469	1	0.0252977	1	1	20.9163
403470	1	0.00810078	1	1	24.2679
403471	1	0.00276133	1	1	28.108
403472	1	0.0856418	1	1	18.4814
403473	1	0.0252977	1	1	20.9163
403474	1	0.00810078	1	1	24.2679
403475	1	0.00276133	1	1	28.108
403476	1	0.0252977	1	1	20.9163
403477	1	0.00810078	1	1	24.2679
403478	1	0.00276133	1	1	28.108
403479	1	0.00810078	1	1	24.2679
403480	1	0.00276133	1	1	28.108
403481	1	0.00276133	1	1	28.108
