DSID     FS   CROSSECTION[pb]     K-FACTOR     FILTEREFF   REL.UNCERT
#
# dM(C1,N1) scan with dM(N2,N1) = 2 * dM(C1,N1)
#
389810	 61	  0.174599         1.0          1.0	     0.132074
389811	 61       0.174599  	   1.0          1.0	     0.132074
389812	 61       0.174599  	   1.0          1.0	     0.132074
389813	 61       0.174599  	   1.0          1.0	     0.132074
389814	 61       0.174599  	   1.0          1.0	     0.132074
389815	 61       0.174599  	   1.0          1.0	     0.132074
389816	 61       0.107045  	   1.0          1.0	     0.129232
389817	 61       0.107045  	   1.0          1.0	     0.129232
389818	 61       0.107045  	   1.0          1.0	     0.129232
389819	 61       0.107045  	   1.0          1.0	     0.129232
389820	 61       0.107045  	   1.0          1.0	     0.129232
389821	 61       0.107045  	   1.0          1.0	     0.129232
389822	 61       0.0670476 	   1.0          1.0	     0.133429
389823	 61       0.0670476 	   1.0          1.0	     0.133429
389824	 61       0.0670476 	   1.0          1.0	     0.133429
389825	 61       0.0670476 	   1.0          1.0	     0.133429
389826	 61       0.0670476 	   1.0          1.0	     0.133429
389827	 61       0.0670476 	   1.0          1.0	     0.133429
389828	 61       0.0431418 	   1.0          1.0	     0.137455
389829	 61       0.0431418 	   1.0          1.0	     0.137455
389830	 61       0.0431418 	   1.0          1.0	     0.137455
389831	 61       0.0431418 	   1.0          1.0	     0.137455
389832	 61       0.0431418 	   1.0          1.0	     0.137455
389833	 61       0.0431418 	   1.0          1.0	     0.137455
389834	 61       0.0283338 	   1.0          1.0	     0.14171
389835	 61       0.0283338 	   1.0          1.0	     0.14171
389836	 61       0.0283338 	   1.0          1.0	     0.14171
389837	 61       0.0283338 	   1.0          1.0	     0.14171
389838	 61       0.0283338 	   1.0          1.0	     0.14171
389839	 61       0.0283338 	   1.0          1.0	     0.14171
389840	 61       0.0189612 	   1.0          1.0	     0.14702
389841	 61       0.0189612 	   1.0          1.0	     0.14702
389842	 61       0.0189612 	   1.0          1.0	     0.14702
389843	 61       0.0189612 	   1.0          1.0	     0.14702
389844	 61       0.0189612 	   1.0          1.0	     0.14702
389845	 61       0.0189612 	   1.0          1.0	     0.14702
389846	 61       0.0128895 	   1.0          1.0	     0.152026
389847	 61       0.0128895 	   1.0          1.0	     0.152026
389848	 61       0.0128895 	   1.0          1.0	     0.152026
389849	 61       0.0128895 	   1.0          1.0	     0.152026
389850	 61       0.0128895 	   1.0          1.0	     0.152026
389851	 61       0.0128895 	   1.0          1.0	     0.152026
389852	 61       0.00883465	   1.0          1.0	     0.157177
389853	 61       0.00883465	   1.0          1.0	     0.157177
389854	 61       0.00883465	   1.0          1.0	     0.157177
389855	 61       0.00883465	   1.0          1.0	     0.157177
389856	 61       0.00883465	   1.0          1.0	     0.157177
389857	 61       0.00883465	   1.0          1.0	     0.157177
389858	 61       0.00615134	   1.0          1.0	     0.162953
389859	 61       0.00615134	   1.0          1.0	     0.162953
389860	 61       0.00615134	   1.0          1.0	     0.162953
389861	 61       0.00615134	   1.0          1.0	     0.162953
389862	 61       0.00615134	   1.0          1.0	     0.162953
389863	 61       0.00615134	   1.0          1.0	     0.162953
389610   61       0.51848          1.0          1.0      0.133797
389611   61       0.51848          1.0          1.0      0.133797
389612   61       0.51848          1.0          1.0      0.133797
389613   61       0.51848          1.0          1.0      0.133797
389614   61       0.51848          1.0          1.0      0.133797
389615   61       0.280734         1.0          1.0      0.132363
389616   61       0.280734         1.0          1.0      0.132363
389617   61       0.280734         1.0          1.0      0.132363
389618   61       0.280734         1.0          1.0      0.132363
389619   61       0.280734         1.0          1.0      0.132363
389620   61       0.280734         1.0          1.0      0.132363
389621   61       0.174599         1.0          1.0      0.132074
389622   61       0.174599         1.0          1.0      0.132074
389623   61       0.174599         1.0          1.0      0.132074
389624   61       0.174599         1.0          1.0      0.132074
389625   61       0.174599         1.0          1.0      0.132074
389626   61       0.174599         1.0          1.0      0.132074
389627   61       0.107045         1.0          1.0      0.129232
389628   61       0.107045         1.0          1.0      0.129232
389629   61       0.107045         1.0          1.0      0.129232
389630   61       0.107045         1.0          1.0      0.129232
389631   61       0.107045         1.0          1.0      0.129232
389632   61       0.107045         1.0          1.0      0.129232
389633   61       0.0670476        1.0          1.0      0.133429
389634   61       0.0670476        1.0          1.0      0.133429
389635   61       0.0670476        1.0          1.0      0.133429
389636   61       0.0670476        1.0          1.0      0.133429
389637   61       0.0670476        1.0          1.0      0.133429
389638   61       0.0670476        1.0          1.0      0.133429
389639   61       0.0431418        1.0          1.0      0.137455
389640   61       0.0431418        1.0          1.0      0.137455
389641   61       0.0431418        1.0          1.0      0.137455
389642   61       0.0431418        1.0          1.0      0.137455
389643   61       0.0431418        1.0          1.0      0.137455
389644   61       0.0431418        1.0          1.0      0.137455
389645   61       0.0283338        1.0          1.0      0.14171
389646   61       0.0283338        1.0          1.0      0.14171
389647   61       0.0283338        1.0          1.0      0.14171
389648   61       0.0283338        1.0          1.0      0.14171
389649   61       0.0283338        1.0          1.0      0.14171
389650   61       0.0283338        1.0          1.0      0.14171
389651   61       0.0189612        1.0          1.0      0.14702
389652   61       0.0189612        1.0          1.0      0.14702
389653   61       0.0189612        1.0          1.0      0.14702
389654   61       0.0189612        1.0          1.0      0.14702
389655   61       0.0189612        1.0          1.0      0.14702
389656   61       0.0189612        1.0          1.0      0.14702
389657   61       0.0128895        1.0          1.0      0.152026
389658   61       0.0128895        1.0          1.0      0.152026
389659   61       0.0128895        1.0          1.0      0.152026
389660   61       0.0128895        1.0          1.0      0.152026
389661   61       0.0128895        1.0          1.0      0.152026
389662   61       0.0128895        1.0          1.0      0.152026
389663   61       0.00883465       1.0          1.0      0.157177
389664   61       0.00883465       1.0          1.0      0.157177
389665   61       0.00883465       1.0          1.0      0.157177
389666   61       0.00883465       1.0          1.0      0.157177
389667   61       0.00883465       1.0          1.0      0.157177
389668   61       0.00883465       1.0          1.0      0.157177
389669   61       0.00615134       1.0          1.0      0.162953
389670   61       0.00615134       1.0          1.0      0.162953
389671   61       0.00615134       1.0          1.0      0.162953
389672   61       0.00615134       1.0          1.0      0.162953
389673   61       0.00615134       1.0          1.0      0.162953
389674   61       0.00615134       1.0          1.0      0.162953
