# author : itzebelt.santoyo.castillo@cern.ch (please report any problems)
# date   : 17/9/2015
# update :
# brief  : Based on https://twiki.cern.ch/twiki/bin/view/LHCPhysics/SUSYCrossSections13TeVn2x1wino
#          Note by alaettin.serhan.mete@cern.h as of 17/9/2015, the filterEff per process should
#          be calculated and used, not what AMI reports - which is for 125+127. 
#          However, given the similarity of processes 125 and 127, current values
#          should be OK to the first order, but eventually must be corrected.
# format : datasetID   finalState   XS   BF   filterEff   relUncertainty  # C1/N2 mass in GeV
392200  125     0.143126         1.000000       0.76354         0.0656566       # 350
392201  125     0.260319         1.000000       0.65772         0.0597429       # 300
392202  125     0.0329135        1.000000       0.78645         0.0830793       # 500
392203  125     0.0515901        1.000000       0.77361         0.0783284       # 450
392204  125     0.260319         1.000000       0.75886         0.0597429       # 300
392205  125     0.143126         1.000000       0.77069         0.0656566       # 350
392206  125     0.143126         1.000000       0.67265         0.0656566       # 350
392207  125     3.27384          1.000000       0.62595         0.0388458       # 150
392208  125     0.260319         1.000000       0.74554         0.0597429       # 300
392209  125     0.0839069        1.000000       0.7811 		0.0721467       # 400
392210  125     0.143126         1.000000       0.7619  	0.0656566       # 350
392211  125     0.143126         1.000000       0.76199         0.0656566       # 350
392212  125     3.27384          1.000000       0.71462         0.0388458       # 150
392213  125     0.517259         1.000000       0.74817         0.0534651       # 250
392214  125     0.0515901        1.000000       0.77417         0.0783284       # 450
392215  125     0.517259         1.000000       0.74366         0.0534651       # 250
392216  125     0.0515901        1.000000       0.77435         0.0783284       # 450
392217  125     0.0839069        1.000000       0.76994         0.0721467       # 400
392218  125     0.0329135        1.000000       0.7642  	0.0830793       # 500
392219  125     0.0515901        1.000000       0.68274         0.0783284       # 450
392220  125     0.143126         1.000000       0.76781         0.0656566       # 350
392221  125     0.0839069        1.000000       0.76735         0.0721467       # 400
392222  125     1.17026          1.000000       0.64109         0.046853        # 200
392223  125     0.0329135        1.000000       0.77285         0.0830793       # 500
392224  125     0.0839069        1.000000       0.76496         0.0721467       # 400
392225  125     0.0329135        1.000000       0.77028         0.0830793       # 500
392226  125     13.8951          1.000000       0.67285         0.0349456       # 100
392227  125     0.260319         1.000000       0.75461         0.0597429       # 300
392228  125     0.0515901        1.000000       0.75828         0.0783284       # 450
392229  125     13.8951          1.000000       0.58132         0.0349456       # 100
392230  125     1.17026          1.000000       0.73475         0.046853        # 200
392231  125     0.143126         1.000000       0.76733         0.0656566       # 350
392232  125     0.0329135        1.000000       0.77039         0.0830793       # 500
392233  125     0.517259         1.000000       0.65509         0.0534651       # 250
392234  125     0.517259         1.000000       0.74826         0.0534651       # 250
392250  125     0.0329135        1.000000       0.77787         0.0830793       # 500
392251  125     0.0329135        1.000000       0.7794  	0.0830793       # 500
392252  125     0.0329135        1.000000       0.78458         0.0830793       # 500
392253  125     0.0329135        1.000000       0.77643         0.0830793       # 500
392250  125     0.0329135        1.000000       0.77787         0.0830793       # 500
392251  125     0.0329135        1.000000       0.7794  	0.0830793       # 500
392252  125     0.0329135        1.000000       0.78458         0.0830793       # 500
392253  125     0.0329135        1.000000       0.77643         0.0830793       # 500
392254  125     0.021644         1.000000       0.77116         0.0888819       # 550
392255  125     0.021644         1.000000       0.77567         0.0888819       # 550
392256  125     0.021644         1.000000       0.77619         0.0888819       # 550
392257  125     0.021644         1.000000       0.78443         0.0888819       # 550
392258  125     0.021644         1.000000       0.78602         0.0888819       # 550
392259  125     0.021644         1.000000       0.78117         0.0888819       # 550
392260  125     0.021644         1.000000       0.79052         0.0888819       # 550
392261  125     0.021644         1.000000       0.78918         0.0888819       # 550
392262  125     0.021644         1.000000       0.78833         0.0888819       # 550
392263  125     0.0145767        1.000000       0.78141         0.0947848       # 600
392264  125     0.0145767        1.000000       0.78066         0.0947848       # 600
392265  125     0.0145767        1.000000       0.77374         0.0947848       # 600
392266  125     0.0145767        1.000000       0.78263         0.0947848       # 600
392267  125     0.0145767        1.000000       0.77766         0.0947848       # 600
392268  125     0.0145767        1.000000       0.7889  	0.0947848       # 600
392269  125     0.0145767        1.000000       0.78521         0.0947848       # 600
392270  125     0.0145767        1.000000       0.78689         0.0947848       # 600
392271  125     0.0145767        1.000000       0.78619         0.0947848       # 600
392272  125     0.0100188        1.000000       0.78747         0.0975634       # 650
392273  125     0.0100188        1.000000       0.79385         0.0975634       # 650
392274  125     0.0100188        1.000000       0.78571         0.0975634       # 650
392275  125     0.0100188        1.000000       0.78594         0.0975634       # 650
392276  125     0.00699008       1.000000       0.78804         0.1021466       # 700
392277  125     0.00699008       1.000000       0.78219         0.1021466       # 700
392278  125     0.00699008       1.000000       0.79636         0.1021466       # 700
392279  125     0.00699008       1.000000       0.79343         0.1021466       # 700
392280  125     0.00699008       1.000000       0.78206         0.1021466       # 700
392200  127     0.0663319        1.000000       0.76354         0.0916337       # 350
392201  127     0.126627         1.000000       0.65772         0.0854573       # 300
392202  127     0.0134441        1.000000       0.78645         0.1067747       # 500
392203  127     0.0218561        1.000000       0.77361         0.1010812       # 450
392204  127     0.126627         1.000000       0.75886         0.0854573       # 300
392205  127     0.0663319        1.000000       0.77069         0.0916337       # 350
392206  127     0.0663319        1.000000       0.67265         0.0916337       # 350
392207  127     1.90704          1.000000       0.62595         0.0661717       # 150
392208  127     0.126627         1.000000       0.74554         0.0854573       # 300
392209  127     0.03712          1.000000       0.7811  	0.0963933       # 400
392210  127     0.0663319        1.000000       0.7619  	0.0916337       # 350
392211  127     0.0663319        1.000000       0.76199         0.0916337       # 350
392212  127     1.90704          1.000000       0.71462         0.0661717       # 150
392213  127     0.265255         1.000000       0.74817         0.0796452       # 250
392214  127     0.0218561        1.000000       0.77417         0.1010812       # 450
392215  127     0.265255         1.000000       0.74366         0.0796452       # 250
392216  127     0.0218561        1.000000       0.77435         0.1010812       # 450
392217  127     0.03712          1.000000       0.76994         0.0963933       # 400
392218  127     0.0134441        1.000000       0.7642  	0.1067747       # 500
392219  127     0.0218561        1.000000       0.68274         0.1010812       # 450
392220  127     0.0663319        1.000000       0.76781         0.0916337       # 350
392221  127     0.03712          1.000000       0.76735         0.0963933       # 400
392222  127     0.63714          1.000000       0.64109         0.0729927       # 200
392223  127     0.0134441        1.000000       0.77285         0.1067747       # 500
392224  127     0.03712          1.000000       0.76496         0.0963933       # 400
392225  127     0.0134441        1.000000       0.77028         0.1067747       # 500
392226  127     8.76608          1.000000       0.67285         0.0590482       # 100
392227  127     0.126627         1.000000       0.75461         0.0854573       # 300
392228  127     0.0218561        1.000000       0.75828         0.1010812       # 450
392229  127     8.76608          1.000000       0.58132         0.0590482       # 100
392230  127     0.63714          1.000000       0.73475         0.0729927       # 200
392231  127     0.0663319        1.000000       0.76733         0.0916337       # 350
392232  127     0.0134441        1.000000       0.77039         0.1067747       # 500
392233  127     0.265255         1.000000       0.65509         0.0796452       # 250
392234  127     0.265255         1.000000       0.74826         0.0796452       # 250
392250  127     0.0134441        1.000000       0.77787         0.1067747       # 500
392251  127     0.0134441        1.000000       0.7794  	0.1067747       # 500
392252  127     0.0134441        1.000000       0.78458         0.1067747       # 500
392253  127     0.0134441        1.000000       0.77643         0.1067747       # 500
392254  127     0.00852674       1.000000       0.77116         0.1128699       # 550
392255  127     0.00852674       1.000000       0.77567         0.1128699       # 550
392256  127     0.00852674       1.000000       0.77619         0.1128699       # 550
392257  127     0.00852674       1.000000       0.78443         0.1128699       # 550
392258  127     0.00852674       1.000000       0.78602         0.1128699       # 550
392259  127     0.00852674       1.000000       0.78117         0.1128699       # 550
392260  127     0.00852674       1.000000       0.79052         0.1128699       # 550
392261  127     0.00852674       1.000000       0.78918         0.1128699       # 550
392262  127     0.00852674       1.000000       0.78833         0.1128699       # 550
392263  127     0.00556289       1.000000       0.78141         0.1196261       # 600
392264  127     0.00556289       1.000000       0.78066         0.1196261       # 600
392265  127     0.00556289       1.000000       0.77374         0.1196261       # 600
392266  127     0.00556289       1.000000       0.78263         0.1196261       # 600
392267  127     0.00556289       1.000000       0.77766         0.1196261       # 600
392268  127     0.00556289       1.000000       0.7889  	0.1196261       # 600
392269  127     0.00556289       1.000000       0.78521         0.1196261       # 600
392270  127     0.00556289       1.000000       0.78689         0.1196261       # 600
392271  127     0.00556289       1.000000       0.78619         0.1196261       # 600
392272  127     0.00371232       1.000000       0.78747         0.1235567       # 650
392273  127     0.00371232       1.000000       0.79385         0.1235567       # 650
392274  127     0.00371232       1.000000       0.78571         0.1235567       # 650
392275  127     0.00371232       1.000000       0.78594         0.1235567       # 650
392276  127     0.0025208        1.000000       0.78804         0.1299699       # 700
392277  127     0.0025208        1.000000       0.78219         0.1299699       # 700
392278  127     0.0025208        1.000000       0.79636         0.1299699       # 700
392279  127     0.0025208        1.000000       0.79343         0.1299699       # 700
392280  127     0.0025208        1.000000       0.78206         0.1299699       # 700
#
392300  125     0.143126         1.000000       0.62917         0.0656566       # 350
392301  125     0.260319         1.000000       0.50219         0.0597429       # 300
392302  125     0.0329135        1.000000       0.65405         0.0830793       # 500
392303  125     0.0515901        1.000000       0.65419         0.0783284       # 450
392304  125     0.260319         1.000000       0.62492         0.0597429       # 300
392305  125     0.143126         1.000000       0.63722         0.0656566       # 350
392306  125     0.143126         1.000000       0.5062  	0.0656566       # 350
392307  125     3.27384          1.000000       0.46221         0.0388458       # 150
392308  125     0.260319         1.000000       0.62462         0.0597429       # 300
392309  125     0.0839069        1.000000       0.652   	0.0721467       # 400
392310  125     0.143126         1.000000       0.64372         0.0656566       # 350
392311  125     0.143126         1.000000       0.64007         0.0656566       # 350
392312  125     3.27384          1.000000       0.5634  	0.0388458       # 150
392313  125     0.517259         1.000000       0.61627         0.0534651       # 250
392314  125     0.0515901        1.000000       0.64694         0.0783284       # 450
392315  125     0.517259         1.000000       0.60956         0.0534651       # 250
392316  125     0.0515901        1.000000       0.65812         0.0783284       # 450
392317  125     0.0839069        1.000000       0.65427         0.0721467       # 400
392318  125     0.0329135        1.000000       0.64034         0.0830793       # 500
392319  125     0.0515901        1.000000       0.52218         0.0783284       # 450
392320  125     0.143126         1.000000       0.63419         0.0656566       # 350
392321  125     0.0839069        1.000000       0.65124         0.0721467       # 400
392322  125     1.17026          1.000000       0.48762         0.046853        # 200
392323  125     0.0329135        1.000000       0.65878         0.0830793       # 500
392324  125     0.0839069        1.000000       0.63997         0.0721467       # 400
392325  125     0.0329135        1.000000       0.65615         0.0830793       # 500
392326  125     13.8951          1.000000       0.52365         0.0349456       # 100
392327  125     0.260319         1.000000       0.63266         0.0597429       # 300
392328  125     0.0515901        1.000000       0.63625         0.0783284       # 450
392329  125     13.8951          1.000000       0.42738         0.0349456       # 100
392330  125     1.17026          1.000000       0.5928  	0.046853        # 200
392331  125     0.143126         1.000000       0.63582         0.0656566       # 350
392332  125     0.0329135        1.000000       0.65563         0.0830793       # 500
392333  125     0.517259         1.000000       0.49791         0.0534651       # 250
392334  125     0.517259         1.000000       0.62221         0.0534651       # 250
392335  125     0.0329135        1.000000       0.65767         0.0830793       # 500
392336  125     0.0329135        1.000000       0.66738         0.0830793       # 500
392337  125     0.0329135        1.000000       0.65604         0.0830793       # 500
392338  125     0.0329135        1.000000       0.6569  	0.0830793       # 500
392339  125     0.021644         1.000000       0.65207         0.0888819       # 550
392340  125     0.021644         1.000000       0.66473         0.0888819       # 550
392341  125     0.021644         1.000000       0.66699         0.0888819       # 550
392342  125     0.021644         1.000000       0.67048         0.0888819       # 550
392343  125     0.021644         1.000000       0.66788         0.0888819       # 550
392344  125     0.021644         1.000000       0.66634         0.0888819       # 550
392345  125     0.021644         1.000000       0.66775         0.0888819       # 550
392346  125     0.021644         1.000000       0.66749         0.0888819       # 550
392347  125     0.021644         1.000000       0.66472         0.0888819       # 550
392348  125     0.0145767        1.000000       0.66402         0.0947848       # 600
392349  125     0.0145767        1.000000       0.66638         0.0947848       # 600
392350  125     0.0145767        1.000000       0.66684         0.0947848       # 600
392351  125     0.0145767        1.000000       0.66668         0.0947848       # 600
392352  125     0.0145767        1.000000       0.66023         0.0947848       # 600
392353  125     0.0145767        1.000000       0.66316         0.0947848       # 600
392354  125     0.0145767        1.000000       0.67099         0.0947848       # 600
392355  125     0.0145767        1.000000       0.67095         0.0947848       # 600
392356  125     0.0145767        1.000000       0.668   	0.0947848       # 600
392357  125     0.0100188        1.000000       0.65302         0.0975634       # 650
392358  125     0.0100188        1.000000       0.66212         0.0975634       # 650
392359  125     0.0100188        1.000000       0.66672         0.0975634       # 650
392360  125     0.0100188        1.000000       0.67168         0.0975634       # 650
392361  125     0.00699008       1.000000       0.67526         0.1021466       # 700
392362  125     0.00699008       1.000000       0.66971         0.1021466       # 700
392363  125     0.00699008       1.000000       0.67327         0.1021466       # 700
392364  125     0.00699008       1.000000       0.66687         0.1021466       # 700
392365  125     0.00699008       1.000000       0.6786  	0.1021466       # 700
392300  127     0.0663319        1.000000       0.62917         0.0916337       # 350
392301  127     0.126627         1.000000       0.50219         0.0854573       # 300
392302  127     0.0134441        1.000000       0.65405         0.1067747       # 500
392303  127     0.0218561        1.000000       0.65419         0.1010812       # 450
392304  127     0.126627         1.000000       0.62492         0.0854573       # 300
392305  127     0.0663319        1.000000       0.63722         0.0916337       # 350
392306  127     0.0663319        1.000000       0.5062  	0.0916337       # 350
392307  127     1.90704          1.000000       0.46221         0.0661717       # 150
392308  127     0.126627         1.000000       0.62462         0.0854573       # 300
392309  127     0.03712          1.000000       0.652   	0.0963933       # 400
392310  127     0.0663319        1.000000       0.64372         0.0916337       # 350
392311  127     0.0663319        1.000000       0.64007         0.0916337       # 350
392312  127     1.90704          1.000000       0.5634  	0.0661717       # 150
392313  127     0.265255         1.000000       0.61627         0.0796452       # 250
392314  127     0.0218561        1.000000       0.64694         0.1010812       # 450
392315  127     0.265255         1.000000       0.60956         0.0796452       # 250
392316  127     0.0218561        1.000000       0.65812         0.1010812       # 450
392317  127     0.03712          1.000000       0.65427         0.0963933       # 400
392318  127     0.0134441        1.000000       0.64034         0.1067747       # 500
392319  127     0.0218561        1.000000       0.52218         0.1010812       # 450
392320  127     0.0663319        1.000000       0.63419         0.0916337       # 350
392321  127     0.03712          1.000000       0.65124         0.0963933       # 400
392322  127     0.63714          1.000000       0.48762         0.0729927       # 200
392323  127     0.0134441        1.000000       0.65878         0.1067747       # 500
392324  127     0.03712          1.000000       0.63997         0.0963933       # 400
392325  127     0.0134441        1.000000       0.65615         0.1067747       # 500
392326  127     8.76608          1.000000       0.52365         0.0590482       # 100
392327  127     0.126627         1.000000       0.63266         0.0854573       # 300
392328  127     0.0218561        1.000000       0.63625         0.1010812       # 450
392329  127     8.76608          1.000000       0.42738         0.0590482       # 100
392330  127     0.63714          1.000000       0.5928  	0.0729927       # 200
392331  127     0.0663319        1.000000       0.63582         0.0916337       # 350
392332  127     0.0134441        1.000000       0.65563         0.1067747       # 500
392333  127     0.265255         1.000000       0.49791         0.0796452       # 250
392334  127     0.265255         1.000000       0.62221         0.0796452       # 250
392335  127     0.0134441        1.000000       0.65767         0.1067747       # 500
392336  127     0.0134441        1.000000       0.66738         0.1067747       # 500
392337  127     0.0134441        1.000000       0.65604         0.1067747       # 500
392338  127     0.0134441        1.000000       0.6569  	0.1067747       # 500
392339  127     0.00852674       1.000000       0.65207         0.1128699       # 550
392340  127     0.00852674       1.000000       0.66473         0.1128699       # 550
392341  127     0.00852674       1.000000       0.66699         0.1128699       # 550
392342  127     0.00852674       1.000000       0.67048         0.1128699       # 550
392343  127     0.00852674       1.000000       0.66788         0.1128699       # 550
392344  127     0.00852674       1.000000       0.66634         0.1128699       # 550
392345  127     0.00852674       1.000000       0.66775         0.1128699       # 550
392346  127     0.00852674       1.000000       0.66749         0.1128699       # 550
392347  127     0.00852674       1.000000       0.66472         0.1128699       # 550
392348  127     0.00556289       1.000000       0.66402         0.1196261       # 600
392349  127     0.00556289       1.000000       0.66638         0.1196261       # 600
392350  127     0.00556289       1.000000       0.66684         0.1196261       # 600
392351  127     0.00556289       1.000000       0.66668         0.1196261       # 600
392352  127     0.00556289       1.000000       0.66023         0.1196261       # 600
392353  127     0.00556289       1.000000       0.66316         0.1196261       # 600
392354  127     0.00556289       1.000000       0.67099         0.1196261       # 600
392355  127     0.00556289       1.000000       0.67095         0.1196261       # 600
392356  127     0.00556289       1.000000       0.668   	0.1196261       # 600
392357  127     0.00371232       1.000000       0.65302         0.1235567       # 650
392358  127     0.00371232       1.000000       0.66212         0.1235567       # 650
392359  127     0.00371232       1.000000       0.66672         0.1235567       # 650
392360  127     0.00371232       1.000000       0.67168         0.1235567       # 650
392361  127     0.0025208        1.000000       0.67526         0.1299699       # 700
392362  127     0.0025208        1.000000       0.66971         0.1299699       # 700
392363  127     0.0025208        1.000000       0.67327         0.1299699       # 700
392364  127     0.0025208        1.000000       0.66687         0.1299699       # 700
392365  127     0.0025208        1.000000       0.6786  	0.1299699       # 700
