# SignalUncertainties for simplified model based on squark+gluino production 
# with all open production modes (go go, sq sq, sq go, sq sq~) considered
# See further details in ATLSUSYSW-233
SAMPLE        FS        CROSSSECTION[pb]           K-Factor  FILTEREFF REL.UNCERT
373690         1         0.0009854118         1         1         0.30598145
373690         2         0.0000053565         1         1         0.66229238
373690         3         0.0191662573         1         1         0.08385248
373690         4         0.0067573639         1         1         0.17821046
373691         1         0.0000757165         1         1         0.47665129
373691         2         0.0000000291         1         1         0.87061178
373691         3         0.0120326950         1         1         0.12400771
373691         4         0.0048679554         1         1         0.22400595
373692         1         0.0000065599         1         1         0.59593144
373692         2         0.0000000000         1         1         0.77592604
373692         3         0.0085471621         1         1         0.11975385
373692         4         0.0040625179         1         1         0.23562955
373693         1         0.0000005001         1         1         0.70175763
373693         2         0.0000000000         1         1         0.00000000
373693         3         0.0063605556         1         1         0.11734459
373693         4         0.0035448539         1         1         0.24375731
373694         1         0.0040940445         1         1         0.24607826
373694         2         0.0005594251         1         1         0.47165048
373694         3         0.0044336696         1         1         0.13779689
373694         4         0.0007105250         1         1         0.27248345
373695         1         0.0011224722         1         1         0.29840309
373695         2         0.0000466372         1         1         0.60874700
373695         3         0.0037323581         1         1         0.12555564
373695         4         0.0006406132         1         1         0.26766898
373696         1         0.0003302035         1         1         0.35975047
373696         2         0.0000044962         1         1         0.71191955
373696         3         0.0031418310         1         1         0.11711033
373696         4         0.0005851419         1         1         0.27150675
373697         1         0.0000247225         1         1         0.53553275
373697         2         0.0000000252         1         1         0.88879415
373697         3         0.0020756426         1         1         0.16531366
373697         4         0.0004285367         1         1         0.31341649
373698         1         0.0000020195         1         1         0.64837247
373698         2         0.0000000000         1         1         0.80291958
373698         3         0.0015208780         1         1         0.16086339
373698         4         0.0003552176         1         1         0.32441193
373699         1         0.0000001368         1         1         0.74641912
373699         2         0.0000000000         1         1         0.00000000
373699         3         0.0011561225         1         1         0.15747326
373699         4         0.0003040671         1         1         0.33301804
373700         1         0.0057948326         1         1         0.25979105
373700         2         0.0104731744         1         1         0.30187793
373700         3         0.0006223859         1         1         0.18381471
373700         4         0.0000565081         1         1         0.41910883
373701         1         0.0014710160         1         1         0.30304541
373701         2         0.0006003678         1         1         0.46260587
373701         3         0.0006009793         1         1         0.17515346
373701         4         0.0000583309         1         1         0.41286965
373702         1         0.0003919795         1         1         0.35771417
373702         2         0.0000445117         1         1         0.62281803
373702         3         0.0005437486         1         1         0.16523362
373702         4         0.0000582261         1         1         0.41413375
373703         1         0.0001120254         1         1         0.41786304
373703         2         0.0000039809         1         1         0.74773489
373703         3         0.0004783786         1         1         0.15642539
373703         4         0.0000538389         1         1         0.41209677
373704         1         0.0000080286         1         1         0.58866275
373704         2         0.0000000219         1         1         0.90723911
373704         3         0.0003356048         1         1         0.20343577
373704         4         0.0000412229         1         1         0.43885781
373705         1         0.0000006004         1         1         0.69906012
373705         2         0.0000000000         1         1         0.83708378
373705         3         0.0002547747         1         1         0.19791747
373705         4         0.0000348084         1         1         0.44629956
373706         1         0.0000000350         1         1         0.78301656
373706         2         0.0000000000         1         1         0.00000000
373706         3         0.0001974802         1         1         0.19805619
373706         4         0.0000297402         1         1         0.45389544
373707         1         0.0019918790         1         1         0.31180840
373707         2         0.0110795095         1         1         0.28814823
373707         3         0.0000672167         1         1         0.22131110
373707         4         0.0000043952         1         1         0.59212532
373708         1         0.0005235615         1         1         0.36284721
373708         2         0.0006466288         1         1         0.44168162
373708         3         0.0000703637         1         1         0.21597860
373708         4         0.0000047860         1         1         0.58620039
373709         1         0.0001416064         1         1         0.41925870
373709         2         0.0000471193         1         1         0.61176116
373709         3         0.0000684785         1         1         0.21030302
373709         4         0.0000048934         1         1         0.58131899
373710         1         0.0000386920         1         1         0.48038827
373710         2         0.0000038743         1         1         0.75739451
373710         3         0.0000635115         1         1         0.20261354
373710         4         0.0000049171         1         1         0.58403435
373711         1         0.0000025298         1         1         0.64276714
373711         2         0.0000000196         1         1         0.92264852
373711         3         0.0000473342         1         1         0.24463802
373711         4         0.0000038817         1         1         0.59249917
373712         1         0.0000001687         1         1         0.74369515
373712         2         0.0000000000         1         1         0.86827454
373712         3         0.0000373832         1         1         0.24136519
373712         4         0.0000033735         1         1         0.60047473
373713         1         0.0000000080         1         1         0.80793644
373713         2         0.0000000000         1         1         0.00000000
373713         3         0.0000296455         1         1         0.23984015
373713         4         0.0000029269         1         1         0.60418083
373714         1         0.0002360158         1         1         0.42483943
373714         2         0.0119197158         1         1         0.26827461
373714         3         0.0000003993         1         1         0.35479517
373714         4         0.0000000163         1         1         0.86091694
373715         1         0.0000624689         1         1         0.48468787
373715         2         0.0007203443         1         1         0.40669262
373715         3         0.0000004653         1         1         0.35409155
373715         4         0.0000000191         1         1         0.85783023
373716         1         0.0000167400         1         1         0.54146647
373716         2         0.0000533165         1         1         0.56749563
373716         3         0.0000005055         1         1         0.35468139
373716         4         0.0000000210         1         1         0.85561553
373717         1         0.0000044372         1         1         0.59931876
373717         2         0.0000042850         1         1         0.72819773
373717         3         0.0000005170         1         1         0.35486751
373717         4         0.0000000222         1         1         0.85513470
373718         1         0.0000002220         1         1         0.74555533
373718         2         0.0000000182         1         1         0.93054478
373718         3         0.0000004800         1         1         0.35562620
373718         4         0.0000000230         1         1         0.85443125
373719         1         0.0000264254         1         1         0.54868175
373719         2         0.0125079634         1         1         0.25815471
373719         3         0.0000000005         1         1         0.57981797
373719         4         0.0000000000         1         1         0.65227188
373720         1         0.0000066628         1         1         0.60522930
373720         2         0.0007763262         1         1         0.38111384
373720         3         0.0000000007         1         1         0.57795830
373720         4         0.0000000000         1         1         0.62530469
373721         1         0.0000016571         1         1         0.66100859
373721         2         0.0000583527         1         1         0.53206131
373721         3         0.0000000008         1         1         0.57833012
373721         4         0.0000000000         1         1         0.60617915
373722         1         0.0000003938         1         1         0.71267543
373722         2         0.0000046761         1         1         0.69235206
373722         3         0.0000000009         1         1         0.57797965
373722         4         0.0000000000         1         1         0.59773406
373723         1         0.0000022762         1         1         0.69196768
373723         2         0.0115098850         1         1         0.30603355
373723         3         0.0000000000         1         1         0.00000000
373723         4         0.0000000000         1         1         0.00000000
373724         1         0.0000005094         1         1         0.73988125
373724         2         0.0007195715         1         1         0.41161624
373724         3         0.0000000000         1         1         0.00000000
373724         4         0.0000000000         1         1         0.00000000
373725         1         0.0000001084         1         1         0.77879848
373725         2         0.0000540917         1         1         0.54258870
373725         3         0.0000000000         1         1         0.00000000
373725         4         0.0000000000         1         1         0.00000000
373726         1         0.0000000209         1         1         0.80628070
373726         2         0.0000042609         1         1         0.68881720
373726         3         0.0000000000         1         1         0.00000000
373726         4         0.0000000000         1         1         0.00000000
373727         1         0.0900600830         1         1         0.14350359
373727         2         0.0009165268         1 0.9831838         0.36876954
373727         3         0.7901510722         1 0.2761555         0.05232011
373727         4         1.0270225947         1 0.1940249         0.13304430
373728         1         0.0228066777         1         1         0.18240357
373728         2         0.0000806427         1 0.9964723         0.47130345
373728         3         0.5706253563         1 0.2818507         0.05054405
373728         4         0.8990392514         1 0.1900281         0.13288059
373729         1         0.0063137463         1         1         0.23132702
373729         2         0.0000071766         1 0.9944285         0.59436470
373729         3         0.4319785872         1 0.2904247         0.04963031
373729         4         0.8119027060         1 0.1833148         0.13644299
373730         1         0.0004856149         1         1         0.39335038
373730         2         0.0000000349         1         1         0.84901880
373730         3         0.2641076146         1 0.3032628         0.08325480
373730         4         0.6695102977         1 0.1814906         0.14377830
373731         1         0.0000447349         1         1         0.50888216
373731         2         0.0000000000         1         1         0.74633057
373731         3         0.2042031953         1 0.3058693         0.11411646
373731         4         0.6204158827         1 0.1805673         0.14724324
373732         1         0.0000039025         1         1         0.62638891
373732         2         0.0000000000         1         1         0.00000000
373732         3         0.1814719842         1 0.3095755         0.16480879
373732         4         0.5915297073         1 0.1859357         0.14998404
373733         1         0.0412378273         1         1         0.16204547
373733         2         0.0007733101         1         1         0.40328714
373733         3         0.2124318193         1         1         0.06427567
373733         4         0.1370613079         1         1         0.12985558
373734         1         0.0108374646         1         1         0.20698300
373734         2         0.0000703236         1         1         0.50031637
373734         3         0.1586451053         1         1         0.05573937
373734         4         0.1166500487         1         1         0.13458521
373735         1         0.0030572923         1         1         0.25857918
373735         2         0.0000064910         1         1         0.61568792
373735         3         0.1221988495         1         1         0.05174432
373735         4         0.1024992950         1         1         0.13848138
373736         1         0.0002365673         1         1         0.42496977
373736         2         0.0000000329         1         1         0.85543888
373736         3         0.0737649773         1         1         0.07738182
373736         4         0.0786368287         1         1         0.16636588
373737         1         0.0000213323         1         1         0.54090736
373737         2         0.0000000000         1         1         0.75462598
373737         3         0.0516068858         1         1         0.07945260
373737         4         0.0690889559         1         1         0.17342144
373738         1         0.0000017785         1         1         0.65482487
373738         2         0.0000000000         1         1         0.00000000
373738         3         0.0389020287         1         1         0.08693535
373738         4         0.0630564100         1         1         0.17968879
373739         1         0.0123178821         1         1         0.19828634
373739         2         0.0006064300         1         1         0.45423246
373739         3         0.0300350257         1         1         0.09873009
373739         4         0.0086698600         1         1         0.16801480
373740         1         0.0034064822         1         1         0.25129440
373740         2         0.0000557298         1         1         0.56013118
373740         3         0.0238933718         1         1         0.08984577
373740         4         0.0076733085         1         1         0.17150946
373741         1         0.0009854118         1         1         0.30598145
373741         2         0.0000053565         1         1         0.66229238
373741         3         0.0191662573         1         1         0.08385248
373741         4         0.0067573639         1         1         0.17821046
373742         1         0.0000757165         1         1         0.47665129
373742         2         0.0000000291         1         1         0.87061178
373742         3         0.0120326950         1         1         0.12400771
373742         4         0.0048679554         1         1         0.22400595
373743         1         0.0000065599         1         1         0.59593144
373743         2         0.0000000000         1         1         0.77592604
373743         3         0.0085471621         1         1         0.11975385
373743         4         0.0040625179         1         1         0.23562955
373744         1         0.0000005001         1         1         0.70175763
373744         2         0.0000000000         1         1         0.00000000
373744         3         0.0063605556         1         1         0.11734459
373744         4         0.0035448539         1         1         0.24375731
373745         1         0.0040940445         1         1         0.24607826
373745         2         0.0005594251         1         1         0.47165048
373745         3         0.0044336696         1         1         0.13779689
373745         4         0.0007105250         1         1         0.27248345
373746         1         0.0011224722         1         1         0.29840309
373746         2         0.0000466372         1         1         0.60874700
373746         3         0.0037323581         1         1         0.12555564
373746         4         0.0006406132         1         1         0.26766898
373747         1         0.0003302035         1         1         0.35975047
373747         2         0.0000044962         1         1         0.71191955
373747         3         0.0031418310         1         1         0.11711033
373747         4         0.0005851419         1         1         0.27150675
373748         1         0.0000247225         1         1         0.53553275
373748         2         0.0000000252         1         1         0.88879415
373748         3         0.0020756426         1         1         0.16531366
373748         4         0.0004285367         1         1         0.31341649
373749         1         0.0000020195         1         1         0.64837247
373749         2         0.0000000000         1         1         0.80291958
373749         3         0.0015208780         1         1         0.16086339
373749         4         0.0003552176         1         1         0.32441193
373750         1         0.0000001368         1         1         0.74641912
373750         2         0.0000000000         1         1         0.00000000
373750         3         0.0011561225         1         1         0.15747326
373750         4         0.0003040671         1         1         0.33301804
373751         1         0.0057948326         1         1         0.25979105
373751         2         0.0104731744         1         1         0.30187793
373751         3         0.0006223859         1         1         0.18381471
373751         4         0.0000565081         1         1         0.41910883
373752         1         0.0014710160         1         1         0.30304541
373752         2         0.0006003678         1         1         0.46260587
373752         3         0.0006009793         1         1         0.17515346
373752         4         0.0000583309         1         1         0.41286965
373753         1         0.0003919795         1         1         0.35771417
373753         2         0.0000445117         1         1         0.62281803
373753         3         0.0005437486         1         1         0.16523362
373753         4         0.0000582261         1         1         0.41413375
373754         1         0.0001120254         1         1         0.41786304
373754         2         0.0000039809         1         1         0.74773489
373754         3         0.0004783786         1         1         0.15642539
373754         4         0.0000538389         1         1         0.41209677
373755         1         0.0000080286         1         1         0.58866275
373755         2         0.0000000219         1         1         0.90723911
373755         3         0.0003356048         1         1         0.20343577
373755         4         0.0000412229         1         1         0.43885781
373756         1         0.0000006004         1         1         0.69906012
373756         2         0.0000000000         1         1         0.83708378
373756         3         0.0002547747         1         1         0.19791747
373756         4         0.0000348084         1         1         0.44629956
373757         1         0.0000000350         1         1         0.78301656
373757         2         0.0000000000         1         1         0.00000000
373757         3         0.0001974802         1         1         0.19805619
373757         4         0.0000297402         1         1         0.45389544
373758         1         0.0081696236         1         1         0.26489749
373758         2         0.2961226355         1         1         0.18247882
373758         3         0.0000584153         1         1         0.22568941
373758         4         0.0000037293         1         1         0.60520903
373759         1         0.0019918790         1         1         0.31180840
373759         2         0.0110795095         1         1         0.28814823
373759         3         0.0000672167         1         1         0.22131110
373759         4         0.0000043952         1         1         0.59212532
373760         1         0.0005235615         1         1         0.36284721
373760         2         0.0006466288         1         1         0.44168162
373760         3         0.0000703637         1         1         0.21597860
373760         4         0.0000047860         1         1         0.58620039
373761         1         0.0001416064         1         1         0.41925870
373761         2         0.0000471193         1         1         0.61176116
373761         3         0.0000684785         1         1         0.21030302
373761         4         0.0000048934         1         1         0.58131899
373762         1         0.0000386920         1         1         0.48038827
373762         2         0.0000038743         1         1         0.75739451
373762         3         0.0000635115         1         1         0.20261354
373762         4         0.0000049171         1         1         0.58403435
373763         1         0.0000025298         1         1         0.64276714
373763         2         0.0000000196         1         1         0.92264852
373763         3         0.0000473342         1         1         0.24463802
373763         4         0.0000038817         1         1         0.59249917
373764         1         0.0000001687         1         1         0.74369515
373764         2         0.0000000000         1         1         0.86827454
373764         3         0.0000373832         1         1         0.24136519
373764         4         0.0000033735         1         1         0.60047473
373765         1         0.0000000080         1         1         0.80793644
373765         2         0.0000000000         1         1         0.00000000
373765         3         0.0000296455         1         1         0.23984015
373765         4         0.0000029269         1         1         0.60418083
373766         1         0.0009363776         1         1         0.36928649
373766         2         0.3058944599         1         1         0.17695113
373766         3         0.0000003198         1         1         0.35618522
373766         4         0.0000000134         1         1         0.86600001
373767         1         0.0002360158         1         1         0.42483943
373767         2         0.0119197158         1         1         0.26827461
373767         3         0.0000003993         1         1         0.35479517
373767         4         0.0000000163         1         1         0.86091694
373768         1         0.0000624689         1         1         0.48468787
373768         2         0.0007203443         1         1         0.40669262
373768         3         0.0000004653         1         1         0.35409155
373768         4         0.0000000191         1         1         0.85783023
373769         1         0.0000167400         1         1         0.54146647
373769         2         0.0000533165         1         1         0.56749563
373769         3         0.0000005055         1         1         0.35468139
373769         4         0.0000000210         1         1         0.85561553
373770         1         0.0000044372         1         1         0.59931876
373770         2         0.0000042850         1         1         0.72819773
373770         3         0.0000005170         1         1         0.35486751
373770         4         0.0000000222         1         1         0.85513470
373771         1         0.0001069422         1         1         0.48620281
373771         2         0.3117794703         1         1         0.17359028
373771         3         0.0000000004         1         1         0.58085877
373771         4         0.0000000000         1         1         0.68590460
373772         1         0.0000264254         1         1         0.54868175
373772         2         0.0125079634         1         1         0.25815471
373772         3         0.0000000005         1         1         0.57981797
373772         4         0.0000000000         1         1         0.65227188
373773         1         0.0000066628         1         1         0.60522930
373773         2         0.0007763262         1         1         0.38111384
373773         3         0.0000000007         1         1         0.57795830
373773         4         0.0000000000         1         1         0.62530469
373774         1         0.0000016571         1         1         0.66100859
373774         2         0.0000583527         1         1         0.53206131
373774         3         0.0000000008         1         1         0.57833012
373774         4         0.0000000000         1         1         0.60617915
373775         1         0.0000100177         1         1         0.63868995
373775         2         0.2896112458         1         1         0.22139847
373775         3         0.0000000000         1         1         0.00000000
373775         4         0.0000000000         1         1         0.00000000
373776         1         0.0000022762         1         1         0.69196768
373776         2         0.0115098850         1         1         0.30603355
373776         3         0.0000000000         1         1         0.00000000
373776         4         0.0000000000         1         1         0.00000000
373777         1         0.0000005094         1         1         0.73988125
373777         2         0.0007195715         1         1         0.41161624
373777         3         0.0000000000         1         1         0.00000000
373777         4         0.0000000000         1         1         0.00000000
373778         1         0.0000001084         1         1         0.77879848
373778         2         0.0000540917         1         1         0.54258870
373778         3         0.0000000000         1         1         0.00000000
373778         4         0.0000000000         1         1         0.00000000
373779         1         0.9281409904         1 0.4065673         0.09951558
373779         2         0.2361110521         1 0.3275706         0.19268087
373779         3         0.4265640566         1 0.2545302         0.09724381
373779         4         0.2000434337         1 0.2130353         0.13671889
373780         1         0.1748318752         1 0.9380587         0.12196932
373780         2         0.0102500951         1 0.9226752         0.30776355
373780         3         0.2937714729         1 0.2735289         0.07337835
373780         4         0.1611276226         1 0.2135202         0.12579818
373781         1         0.0412378273         1         1         0.16204547
373781         2         0.0007733101         1         1         0.40328714
373781         3         0.2124318193         1         1         0.06427567
373781         4         0.1370613079         1         1         0.12985558
373782         1         0.0108374646         1         1         0.20698300
373782         2         0.0000703236         1         1         0.50031637
373782         3         0.1586451053         1         1         0.05573937
373782         4         0.1166500487         1         1         0.13458521
373783         1         0.0030572923         1         1         0.25857918
373783         2         0.0000064910         1         1         0.61568792
373783         3         0.1221988495         1         1         0.05174432
373783         4         0.1024992950         1         1         0.13848138
373784         1         0.0002365673         1         1         0.42496977
373784         2         0.0000000329         1         1         0.85543888
373784         3         0.0737649773         1         1         0.07738182
373784         4         0.0786368287         1         1         0.16636588
373785         1         0.0000213323         1         1         0.54090736
373785         2         0.0000000000         1         1         0.75462598
373785         3         0.0516068858         1         1         0.07945260
373785         4         0.0690889559         1         1         0.17342144
373786         1         0.0000017785         1         1         0.65482487
373786         2         0.0000000000         1         1         0.00000000
373786         3         0.0389020287         1         1         0.08693535
373786         4         0.0630564100         1         1         0.17968879
373787         1         0.2623128694         1 0.4166053         0.13866100
373787         2         0.2606435298         1 0.9199396         0.19633813
373787         3         0.0464201330         1 0.9145473         0.13277728
373787         4         0.0102600385         1 0.9166105         0.17117061
373788         1         0.0504479502         1         1         0.15782706
373788         2         0.0089216035         1         1         0.32152556
373788         3         0.0383121999         1         1         0.11586918
373788         4         0.0099951951         1         1         0.17317951
373789         1         0.0123178821         1         1         0.19828634
373789         2         0.0006064300         1         1         0.45423246
373789         3         0.0300350257         1         1         0.09873009
373789         4         0.0086698600         1         1         0.16801480
373790         1         0.0034064822         1         1         0.25129440
373790         2         0.0000557298         1         1         0.56013118
373790         3         0.0238933718         1         1         0.08984577
373790         4         0.0076733085         1         1         0.17150946
373791         1         0.0009854118         1         1         0.30598145
373791         2         0.0000053565         1         1         0.66229238
373791         3         0.0191662573         1         1         0.08385248
373791         4         0.0067573639         1         1         0.17821046
373792         1         0.0000757165         1         1         0.47665129
373792         2         0.0000000291         1         1         0.87061178
373792         3         0.0120326950         1         1         0.12400771
373792         4         0.0048679554         1         1         0.22400595
373793         1         0.0000065599         1         1         0.59593144
373793         2         0.0000000000         1         1         0.77592604
373793         3         0.0085471621         1         1         0.11975385
373793         4         0.0040625179         1         1         0.23562955
373794         1         0.0000005001         1         1         0.70175763
373794         2         0.0000000000         1         1         0.00000000
373794         3         0.0063605556         1         1         0.11734459
373794         4         0.0035448539         1         1         0.24375731
373795         1         0.0786832588         1         1         0.17700334
373795         2         0.2791496049         1         1         0.19126115
373795         3         0.0052803790         1         1         0.16133551
373795         4         0.0006842525         1         1         0.27778186
373796         1         0.0169170510         1         1         0.20934151
373796         2         0.0097201740         1         1         0.31670892
373796         3         0.0050815466         1         1         0.15024585
373796         4         0.0007179673         1         1         0.26978969
373797         1         0.0040940445         1         1         0.24607826
373797         2         0.0005594251         1         1         0.47165048
373797         3         0.0044336696         1         1         0.13779689
373797         4         0.0007105250         1         1         0.27248345
373798         1         0.0011224722         1         1         0.29840309
373798         2         0.0000466372         1         1         0.60874700
373798         3         0.0037323581         1         1         0.12555564
373798         4         0.0006406132         1         1         0.26766898
373799         1         0.0003302035         1         1         0.35975047
373799         2         0.0000044962         1         1         0.71191955
373799         3         0.0031418310         1         1         0.11711033
373799         4         0.0005851419         1         1         0.27150675
373800         1         0.0000247225         1         1         0.53553275
373800         2         0.0000000252         1         1         0.88879415
373800         3         0.0020756426         1         1         0.16531366
373800         4         0.0004285367         1         1         0.31341649
373801         1         0.0000020195         1         1         0.64837247
373801         2         0.0000000000         1         1         0.80291958
373801         3         0.0015208780         1         1         0.16086339
373801         4         0.0003552176         1         1         0.32441193
373802         1         0.0000001368         1         1         0.74641912
373802         2         0.0000000000         1         1         0.00000000
373802         3         0.0011561225         1         1         0.15747326
373802         4         0.0003040671         1         1         0.33301804
373803         1         0.0248905911         1         1         0.21858800
373803         2         0.2890050825         1         1         0.18619680
373803         3         0.0005807630         1         1         0.19088547
373803         4         0.0000500604         1         1         0.43009340
373804         1         0.0057948326         1         1         0.25979105
373804         2         0.0104731744         1         1         0.30187793
373804         3         0.0006223859         1         1         0.18381471
373804         4         0.0000565081         1         1         0.41910883
373805         1         0.0014710160         1         1         0.30304541
373805         2         0.0006003678         1         1         0.46260587
373805         3         0.0006009793         1         1         0.17515346
373805         4         0.0000583309         1         1         0.41286965
373806         1         0.0003919795         1         1         0.35771417
373806         2         0.0000445117         1         1         0.62281803
373806         3         0.0005437486         1         1         0.16523362
373806         4         0.0000582261         1         1         0.41413375
373807         1         0.0001120254         1         1         0.41786304
373807         2         0.0000039809         1         1         0.74773489
373807         3         0.0004783786         1         1         0.15642539
373807         4         0.0000538389         1         1         0.41209677
373808         1         0.0000080286         1         1         0.58866275
373808         2         0.0000000219         1         1         0.90723911
373808         3         0.0003356048         1         1         0.20343577
373808         4         0.0000412229         1         1         0.43885781
373809         1         0.0000006004         1         1         0.69906012
373809         2         0.0000000000         1         1         0.83708378
373809         3         0.0002547747         1         1         0.19791747
373809         4         0.0000348084         1         1         0.44629956
373810         1         0.0000000350         1         1         0.78301656
373810         2         0.0000000000         1         1         0.00000000
373810         3         0.0001974802         1         1         0.19805619
373810         4         0.0000297402         1         1         0.45389544
373811         1         0.0081696236         1         1         0.26489749
373811         2         0.2961226355         1         1         0.18247882
373811         3         0.0000584153         1         1         0.22568941
373811         4         0.0000037293         1         1         0.60520903
373812         1         0.0019918790         1         1         0.31180840
373812         2         0.0110795095         1         1         0.28814823
373812         3         0.0000672167         1         1         0.22131110
373812         4         0.0000043952         1         1         0.59212532
373813         1         0.0005235615         1         1         0.36284721
373813         2         0.0006466288         1         1         0.44168162
373813         3         0.0000703637         1         1         0.21597860
373813         4         0.0000047860         1         1         0.58620039
373814         1         0.0001416064         1         1         0.41925870
373814         2         0.0000471193         1         1         0.61176116
373814         3         0.0000684785         1         1         0.21030302
373814         4         0.0000048934         1         1         0.58131899
373815         1         0.0000386920         1         1         0.48038827
373815         2         0.0000038743         1         1         0.75739451
373815         3         0.0000635115         1         1         0.20261354
373815         4         0.0000049171         1         1         0.58403435
373816         1         0.0000025298         1         1         0.64276714
373816         2         0.0000000196         1         1         0.92264852
373816         3         0.0000473342         1         1         0.24463802
373816         4         0.0000038817         1         1         0.59249917
373817         1         0.0000001687         1         1         0.74369515
373817         2         0.0000000000         1         1         0.86827454
373817         3         0.0000373832         1         1         0.24136519
373817         4         0.0000033735         1         1         0.60047473
373818         1         0.0000000080         1         1         0.80793644
373818         2         0.0000000000         1         1         0.00000000
373818         3         0.0000296455         1         1         0.23984015
373818         4         0.0000029269         1         1         0.60418083
373819         1         0.0009363776         1         1         0.36928649
373819         2         0.3058944599         1         1         0.17695113
373819         3         0.0000003198         1         1         0.35618522
373819         4         0.0000000134         1         1         0.86600001
373820         1         0.0002360158         1         1         0.42483943
373820         2         0.0119197158         1         1         0.26827461
373820         3         0.0000003993         1         1         0.35479517
373820         4         0.0000000163         1         1         0.86091694
373821         1         0.0000624689         1         1         0.48468787
373821         2         0.0007203443         1         1         0.40669262
373821         3         0.0000004653         1         1         0.35409155
373821         4         0.0000000191         1         1         0.85783023
373822         1         0.0000167400         1         1         0.54146647
373822         2         0.0000533165         1         1         0.56749563
373822         3         0.0000005055         1         1         0.35468139
373822         4         0.0000000210         1         1         0.85561553
373823         1         0.0000044372         1         1         0.59931876
373823         2         0.0000042850         1         1         0.72819773
373823         3         0.0000005170         1         1         0.35486751
373823         4         0.0000000222         1         1         0.85513470
373824         1         0.0001069422         1         1         0.48620281
373824         2         0.3117794703         1         1         0.17359028
373824         3         0.0000000004         1         1         0.58085877
373824         4         0.0000000000         1         1         0.68590460
373825         1         0.0000264254         1         1         0.54868175
373825         2         0.0125079634         1         1         0.25815471
373825         3         0.0000000005         1         1         0.57981797
373825         4         0.0000000000         1         1         0.65227188
373826         1         0.0000066628         1         1         0.60522930
373826         2         0.0007763262         1         1         0.38111384
373826         3         0.0000000007         1         1         0.57795830
373826         4         0.0000000000         1         1         0.62530469
373827         1         0.0000016571         1         1         0.66100859
373827         2         0.0000583527         1         1         0.53206131
373827         3         0.0000000008         1         1         0.57833012
373827         4         0.0000000000         1         1         0.60617915
373828         1         0.0000003938         1         1         0.71267543
373828         2         0.0000046761         1         1         0.69235206
373828         3         0.0000000009         1         1         0.57797965
373828         4         0.0000000000         1         1         0.59773406
