                        SAMPLE     FS   CROSSECTION[pb]     K-FACTOR     FILTEREFF   REL.UNCERT
susy.370617.NUHM2_m12_300.slha    111      0.0116116904   1.00000000    1.00000000   0.07950234
susy.370617.NUHM2_m12_300.slha    112      0.0009775530   1.00000000    1.00000000   0.08535312
susy.370617.NUHM2_m12_300.slha    113      0.5163867234   1.00000000    1.00000000   0.07315089
susy.370617.NUHM2_m12_300.slha    114      0.0000593483   1.00000000    1.00000000   0.08483826
susy.370617.NUHM2_m12_300.slha    115      1.1555478731   1.00000000    1.00000000   0.06803190
susy.370617.NUHM2_m12_300.slha    116      0.0056717958   1.00000000    1.00000000   0.05803524
susy.370617.NUHM2_m12_300.slha    117      0.7027932124   1.00000000    1.00000000   0.08979719
susy.370617.NUHM2_m12_300.slha    118      0.0030806972   1.00000000    1.00000000   0.07709474
susy.370617.NUHM2_m12_300.slha    122      0.0000260248   1.00000000    1.00000000   0.13101757
susy.370617.NUHM2_m12_300.slha    123      0.1709342503   1.00000000    1.00000000   0.06993300
susy.370617.NUHM2_m12_300.slha    124      0.0002175469   1.00000000    1.00000000   0.08148442
susy.370617.NUHM2_m12_300.slha    125      0.4768609298   1.00000000    1.00000000   0.06541649
susy.370617.NUHM2_m12_300.slha    126      0.0228714654   1.00000000    1.00000000   0.05697991
susy.370617.NUHM2_m12_300.slha    127      0.2784795051   1.00000000    1.00000000   0.08434059
susy.370617.NUHM2_m12_300.slha    128      0.0120807622   1.00000000    1.00000000   0.07942795
susy.370617.NUHM2_m12_300.slha    133      0.0003583977   1.00000000    1.00000000   0.06910802
susy.370617.NUHM2_m12_300.slha    134      0.0191236271   1.00000000    1.00000000   0.06575101
susy.370617.NUHM2_m12_300.slha    135      0.6773400626   1.00000000    1.00000000   0.06477621
susy.370617.NUHM2_m12_300.slha    136      0.0262277631   1.00000000    1.00000000   0.05716003
susy.370617.NUHM2_m12_300.slha    137      0.3954923581   1.00000000    1.00000000   0.08483868
susy.370617.NUHM2_m12_300.slha    138      0.0137758494   1.00000000    1.00000000   0.08211888
susy.370617.NUHM2_m12_300.slha    144      0.0000568127   1.00000000    1.00000000   0.07453184
susy.370617.NUHM2_m12_300.slha    145      0.0213534960   1.00000000    1.00000000   0.05398319
susy.370617.NUHM2_m12_300.slha    146      0.2119219378   1.00000000    1.00000000   0.05665419
susy.370617.NUHM2_m12_300.slha    147      0.0113003976   1.00000000    1.00000000   0.07780129
susy.370617.NUHM2_m12_300.slha    148      0.1028839844   1.00000000    1.00000000   0.07544194
susy.370617.NUHM2_m12_300.slha    157      1.1640104660   1.00000000    1.00000000   0.07733674
susy.370617.NUHM2_m12_300.slha    158      0.0187939524   1.00000000    1.00000000   0.06417211
susy.370617.NUHM2_m12_300.slha    167      0.0188413722   1.00000000    1.00000000   0.06767782
susy.370617.NUHM2_m12_300.slha    168      0.1655520687   1.00000000    1.00000000   0.06249944
susy.370618.NUHM2_m12_350.slha    111      0.0076283799   1.00000000    1.00000000   0.07739107
susy.370618.NUHM2_m12_350.slha    112      0.5835187445   1.00000000    1.00000000   0.07193879
susy.370618.NUHM2_m12_350.slha    113      0.0000894312   1.00000000    1.00000000   0.09912250
susy.370618.NUHM2_m12_350.slha    114      0.0001023491   1.00000000    1.00000000   0.07825966
susy.370618.NUHM2_m12_350.slha    115      1.0850849571   1.00000000    1.00000000   0.07591545
susy.370618.NUHM2_m12_350.slha    116      0.0049251988   1.00000000    1.00000000   0.05689268
susy.370618.NUHM2_m12_350.slha    117      0.6538672654   1.00000000    1.00000000   0.08886870
susy.370618.NUHM2_m12_350.slha    118      0.0025928251   1.00000000    1.00000000   0.07604635
susy.370618.NUHM2_m12_350.slha    122      0.0003076705   1.00000000    1.00000000   0.06756051
susy.370618.NUHM2_m12_350.slha    123      0.1082826561   1.00000000    1.00000000   0.06926016
susy.370618.NUHM2_m12_350.slha    124      0.0094622361   1.00000000    1.00000000   0.06300188
susy.370618.NUHM2_m12_350.slha    125      0.6833463531   1.00000000    1.00000000   0.06443308
susy.370618.NUHM2_m12_350.slha    126      0.0129259483   1.00000000    1.00000000   0.05402434
susy.370618.NUHM2_m12_350.slha    127      0.3983657446   1.00000000    1.00000000   0.08599203
susy.370618.NUHM2_m12_350.slha    128      0.0066391822   1.00000000    1.00000000   0.07534667
susy.370618.NUHM2_m12_350.slha    133      0.0000649975   1.00000000    1.00000000   0.10705877
susy.370618.NUHM2_m12_350.slha    134      0.0001247362   1.00000000    1.00000000   0.07583934
susy.370618.NUHM2_m12_350.slha    135      0.2353276570   1.00000000    1.00000000   0.06552596
susy.370618.NUHM2_m12_350.slha    136      0.0091529911   1.00000000    1.00000000   0.05672728
susy.370618.NUHM2_m12_350.slha    137      0.1357101599   1.00000000    1.00000000   0.08410482
susy.370618.NUHM2_m12_350.slha    138      0.0046580255   1.00000000    1.00000000   0.07466805
susy.370618.NUHM2_m12_350.slha    144      0.0000282761   1.00000000    1.00000000   0.07380597
susy.370618.NUHM2_m12_350.slha    145      0.0104731869   1.00000000    1.00000000   0.05738262
susy.370618.NUHM2_m12_350.slha    146      0.1421425400   1.00000000    1.00000000   0.06087756
susy.370618.NUHM2_m12_350.slha    147      0.0054325991   1.00000000    1.00000000   0.07452907
susy.370618.NUHM2_m12_350.slha    148      0.0669626098   1.00000000    1.00000000   0.07470349
susy.370618.NUHM2_m12_350.slha    157      0.9548695995   1.00000000    1.00000000   0.07280905
susy.370618.NUHM2_m12_350.slha    158      0.0093028684   1.00000000    1.00000000   0.06338077
susy.370618.NUHM2_m12_350.slha    167      0.0092973351   1.00000000    1.00000000   0.06299140
susy.370618.NUHM2_m12_350.slha    168      0.1082938946   1.00000000    1.00000000   0.05684157
susy.370619.NUHM2_m12_400.slha    111      0.0050511346   1.00000000    1.00000000   0.07579917
susy.370619.NUHM2_m12_400.slha    112      0.6255603991   1.00000000    1.00000000   0.07158509
susy.370619.NUHM2_m12_400.slha    113      0.0000109243   1.00000000    1.00000000   0.09579487
susy.370619.NUHM2_m12_400.slha    114      0.0001052946   1.00000000    1.00000000   0.07766307
susy.370619.NUHM2_m12_400.slha    115      1.0342689914   1.00000000    1.00000000   0.06820123
susy.370619.NUHM2_m12_400.slha    116      0.0035382215   1.00000000    1.00000000   0.05558890
susy.370619.NUHM2_m12_400.slha    117      0.6163842668   1.00000000    1.00000000   0.08756721
susy.370619.NUHM2_m12_400.slha    118      0.0018044868   1.00000000    1.00000000   0.07509790
susy.370619.NUHM2_m12_400.slha    122      0.0002664650   1.00000000    1.00000000   0.07041738
susy.370619.NUHM2_m12_400.slha    123      0.0628066056   1.00000000    1.00000000   0.06735393
susy.370619.NUHM2_m12_400.slha    124      0.0048696810   1.00000000    1.00000000   0.06286865
susy.370619.NUHM2_m12_400.slha    125      0.6845201512   1.00000000    1.00000000   0.06476776
susy.370619.NUHM2_m12_400.slha    126      0.0067063042   1.00000000    1.00000000   0.05627793
susy.370619.NUHM2_m12_400.slha    127      0.3976839861   1.00000000    1.00000000   0.08518583
susy.370619.NUHM2_m12_400.slha    128      0.0033679821   1.00000000    1.00000000   0.07318125
susy.370619.NUHM2_m12_400.slha    133      0.0000557211   1.00000000    1.00000000   0.10394707
susy.370619.NUHM2_m12_400.slha    134      0.0000636446   1.00000000    1.00000000   0.07539568
susy.370619.NUHM2_m12_400.slha    135      0.1183185424   1.00000000    1.00000000   0.05812791
susy.370619.NUHM2_m12_400.slha    136      0.0036848994   1.00000000    1.00000000   0.05773533
susy.370619.NUHM2_m12_400.slha    137      0.0670198462   1.00000000    1.00000000   0.08128406
susy.370619.NUHM2_m12_400.slha    138      0.0018161476   1.00000000    1.00000000   0.07634830
susy.370619.NUHM2_m12_400.slha    144      0.0000158930   1.00000000    1.00000000   0.07992644
susy.370619.NUHM2_m12_400.slha    145      0.0054376416   1.00000000    1.00000000   0.05587952
susy.370619.NUHM2_m12_400.slha    146      0.0976478188   1.00000000    1.00000000   0.06106615
susy.370619.NUHM2_m12_400.slha    147      0.0027346724   1.00000000    1.00000000   0.07262348
susy.370619.NUHM2_m12_400.slha    148      0.0442265190   1.00000000    1.00000000   0.07409153
susy.370619.NUHM2_m12_400.slha    157      0.8415837349   1.00000000    1.00000000   0.07397928
susy.370619.NUHM2_m12_400.slha    158      0.0047908009   1.00000000    1.00000000   0.06312184
susy.370619.NUHM2_m12_400.slha    167      0.0047973169   1.00000000    1.00000000   0.06465433
susy.370619.NUHM2_m12_400.slha    168      0.0724744359   1.00000000    1.00000000   0.06197995
susy.370620.NUHM2_m12_500.slha    111      0.0023867653   1.00000000    1.00000000   0.07209579
susy.370620.NUHM2_m12_500.slha    112      0.6603094819   1.00000000    1.00000000   0.07005129
susy.370620.NUHM2_m12_500.slha    113      0.0001325585   1.00000000    1.00000000   0.07482547
susy.370620.NUHM2_m12_500.slha    114      0.0000688236   1.00000000    1.00000000   0.07197169
susy.370620.NUHM2_m12_500.slha    115      0.9426500411   1.00000000    1.00000000   0.06460091
susy.370620.NUHM2_m12_500.slha    116      0.0015013209   1.00000000    1.00000000   0.06183960
susy.370620.NUHM2_m12_500.slha    117      0.5588686815   1.00000000    1.00000000   0.08560539
susy.370620.NUHM2_m12_500.slha    118      0.0007279662   1.00000000    1.00000000   0.07490627
susy.370620.NUHM2_m12_500.slha    122      0.0002061240   1.00000000    1.00000000   0.07176449
susy.370620.NUHM2_m12_500.slha    123      0.0211437195   1.00000000    1.00000000   0.06388222
susy.370620.NUHM2_m12_500.slha    124      0.0014907193   1.00000000    1.00000000   0.06151866
susy.370620.NUHM2_m12_500.slha    125      0.6819165298   1.00000000    1.00000000   0.06356555
susy.370620.NUHM2_m12_500.slha    126      0.0021061945   1.00000000    1.00000000   0.05664429
susy.370620.NUHM2_m12_500.slha    127      0.3955900373   1.00000000    1.00000000   0.08416802
susy.370620.NUHM2_m12_500.slha    128      0.0010081829   1.00000000    1.00000000   0.07123419
susy.370620.NUHM2_m12_500.slha    133      0.0000195970   1.00000000    1.00000000   0.10671913
susy.370620.NUHM2_m12_500.slha    134      0.0000176193   1.00000000    1.00000000   0.07871367
susy.370620.NUHM2_m12_500.slha    135      0.0340389859   1.00000000    1.00000000   0.05924527
susy.370620.NUHM2_m12_500.slha    136      0.0006926196   1.00000000    1.00000000   0.05800427
susy.370620.NUHM2_m12_500.slha    137      0.0187411871   1.00000000    1.00000000   0.08099696
susy.370620.NUHM2_m12_500.slha    138      0.0003229659   1.00000000    1.00000000   0.07606581
susy.370620.NUHM2_m12_500.slha    144      0.0000098797   1.00000000    1.00000000   0.07455477
susy.370620.NUHM2_m12_500.slha    145      0.0016797877   1.00000000    1.00000000   0.05654557
susy.370620.NUHM2_m12_500.slha    146      0.0453186981   1.00000000    1.00000000   0.06092776
susy.370620.NUHM2_m12_500.slha    147      0.0008077861   1.00000000    1.00000000   0.07385221
susy.370620.NUHM2_m12_500.slha    148      0.0192295608   1.00000000    1.00000000   0.07792430
susy.370620.NUHM2_m12_500.slha    157      0.7280789222   1.00000000    1.00000000   0.07328355
susy.370620.NUHM2_m12_500.slha    158      0.0014642018   1.00000000    1.00000000   0.06676658
susy.370620.NUHM2_m12_500.slha    167      0.0014587803   1.00000000    1.00000000   0.06499176
susy.370620.NUHM2_m12_500.slha    168      0.0324683300   1.00000000    1.00000000   0.06503155
susy.370621.NUHM2_m12_600.slha    111      0.0012897690   1.00000000    1.00000000   0.07308455
susy.370621.NUHM2_m12_600.slha    112      0.6656504736   1.00000000    1.00000000   0.07047924
susy.370621.NUHM2_m12_600.slha    113      0.0001361496   1.00000000    1.00000000   0.07047382
susy.370621.NUHM2_m12_600.slha    114      0.0000378018   1.00000000    1.00000000   0.07036880
susy.370621.NUHM2_m12_600.slha    115      0.8824882181   1.00000000    1.00000000   0.06538492
susy.370621.NUHM2_m12_600.slha    116      0.0006132703   1.00000000    1.00000000   0.05826096
susy.370621.NUHM2_m12_600.slha    117      0.5187808653   1.00000000    1.00000000   0.08546879
susy.370621.NUHM2_m12_600.slha    118      0.0002849360   1.00000000    1.00000000   0.07563404
susy.370621.NUHM2_m12_600.slha    122      0.0001627043   1.00000000    1.00000000   0.06980768
susy.370621.NUHM2_m12_600.slha    123      0.0078958339   1.00000000    1.00000000   0.06365983
susy.370621.NUHM2_m12_600.slha    124      0.0005370949   1.00000000    1.00000000   0.06338450
susy.370621.NUHM2_m12_600.slha    125      0.6791453722   1.00000000    1.00000000   0.06375124
susy.370621.NUHM2_m12_600.slha    126      0.0007771667   1.00000000    1.00000000   0.05779085
susy.370621.NUHM2_m12_600.slha    127      0.3930396433   1.00000000    1.00000000   0.08337329
susy.370621.NUHM2_m12_600.slha    128      0.0003583832   1.00000000    1.00000000   0.07532675
susy.370621.NUHM2_m12_600.slha    133      0.0000068529   1.00000000    1.00000000   0.09776310
susy.370621.NUHM2_m12_600.slha    134      0.0000060514   1.00000000    1.00000000   0.07178228
susy.370621.NUHM2_m12_600.slha    135      0.0118585454   1.00000000    1.00000000   0.06459092
susy.370621.NUHM2_m12_600.slha    136      0.0001672449   1.00000000    1.00000000   0.05977911
susy.370621.NUHM2_m12_600.slha    137      0.0063210120   1.00000000    1.00000000   0.07773831
susy.370621.NUHM2_m12_600.slha    138      0.0000738669   1.00000000    1.00000000   0.07600501
susy.370621.NUHM2_m12_600.slha    144      0.0000050854   1.00000000    1.00000000   0.10988000
susy.370621.NUHM2_m12_600.slha    145      0.0006099769   1.00000000    1.00000000   0.05679637
susy.370621.NUHM2_m12_600.slha    146      0.0230198632   1.00000000    1.00000000   0.06402567
susy.370621.NUHM2_m12_600.slha    147      0.0002805066   1.00000000    1.00000000   0.07646096
susy.370621.NUHM2_m12_600.slha    148      0.0091676826   1.00000000    1.00000000   0.07848717
susy.370621.NUHM2_m12_600.slha    157      0.6745140438   1.00000000    1.00000000   0.07398616
susy.370621.NUHM2_m12_600.slha    158      0.0005268754   1.00000000    1.00000000   0.06482055
susy.370621.NUHM2_m12_600.slha    167      0.0005263009   1.00000000    1.00000000   0.06458416
susy.370621.NUHM2_m12_600.slha    168      0.0159949974   1.00000000    1.00000000   0.06360196
susy.370622.NUHM2_m12_700.slha    111      0.0007869897   1.00000000    1.00000000   0.07181679
susy.370622.NUHM2_m12_700.slha    112      0.6643270342   1.00000000    1.00000000   0.07021531
susy.370622.NUHM2_m12_700.slha    113      0.0000996207   1.00000000    1.00000000   0.06721434
susy.370622.NUHM2_m12_700.slha    114      0.0000204490   1.00000000    1.00000000   0.07299332
susy.370622.NUHM2_m12_700.slha    115      0.8407296201   1.00000000    1.00000000   0.06552209
susy.370622.NUHM2_m12_700.slha    116      0.0002658841   1.00000000    1.00000000   0.06040295
susy.370622.NUHM2_m12_700.slha    117      0.4923724748   1.00000000    1.00000000   0.08491961
susy.370622.NUHM2_m12_700.slha    118      0.0001190742   1.00000000    1.00000000   0.08405305
susy.370622.NUHM2_m12_700.slha    122      0.0001324452   1.00000000    1.00000000   0.07307817
susy.370622.NUHM2_m12_700.slha    123      0.0033217150   1.00000000    1.00000000   0.06361965
susy.370622.NUHM2_m12_700.slha    124      0.0002184464   1.00000000    1.00000000   0.06456221
susy.370622.NUHM2_m12_700.slha    125      0.6766070496   1.00000000    1.00000000   0.06427279
susy.370622.NUHM2_m12_700.slha    126      0.0003241413   1.00000000    1.00000000   0.05818056
susy.370622.NUHM2_m12_700.slha    127      0.3913281838   1.00000000    1.00000000   0.08575382
susy.370622.NUHM2_m12_700.slha    128      0.0001431279   1.00000000    1.00000000   0.07221632
susy.370622.NUHM2_m12_700.slha    133      0.0000034045   1.00000000    1.00000000   0.08794933
susy.370622.NUHM2_m12_700.slha    134      0.0000026928   1.00000000    1.00000000   0.07609993
susy.370622.NUHM2_m12_700.slha    135      0.0048337927   1.00000000    1.00000000   0.05703733
susy.370622.NUHM2_m12_700.slha    136      0.0000502367   1.00000000    1.00000000   0.06355969
susy.370622.NUHM2_m12_700.slha    137      0.0025078220   1.00000000    1.00000000   0.07562175
susy.370622.NUHM2_m12_700.slha    138      0.0000209783   1.00000000    1.00000000   0.07847390
susy.370622.NUHM2_m12_700.slha    144      0.0000052666   1.00000000    1.00000000   0.07856700
susy.370622.NUHM2_m12_700.slha    145      0.0002494848   1.00000000    1.00000000   0.06059516
susy.370622.NUHM2_m12_700.slha    146      0.0118318988   1.00000000    1.00000000   0.07046938
susy.370622.NUHM2_m12_700.slha    147      0.0001094560   1.00000000    1.00000000   0.07805891
susy.370622.NUHM2_m12_700.slha    148      0.0044453542   1.00000000    1.00000000   0.08306247
susy.370622.NUHM2_m12_700.slha    157      0.6438838471   1.00000000    1.00000000   0.07295880
susy.370622.NUHM2_m12_700.slha    158      0.0002140543   1.00000000    1.00000000   0.06775447
susy.370622.NUHM2_m12_700.slha    167      0.0002138494   1.00000000    1.00000000   0.06731630
susy.370622.NUHM2_m12_700.slha    168      0.0079546496   1.00000000    1.00000000   0.06899943
susy.370623.NUHM2_m12_800.slha    111      0.0005212386   1.00000000    1.00000000   0.07063351
susy.370623.NUHM2_m12_800.slha    112      0.6598118363   1.00000000    1.00000000   0.06943069
susy.370623.NUHM2_m12_800.slha    113      0.0000669873   1.00000000    1.00000000   0.06712724
susy.370623.NUHM2_m12_800.slha    114      0.0000113016   1.00000000    1.00000000   0.07064093
susy.370623.NUHM2_m12_800.slha    115      0.8098002978   1.00000000    1.00000000   0.06493814
susy.370623.NUHM2_m12_800.slha    116      0.0001234140   1.00000000    1.00000000   0.06889051
susy.370623.NUHM2_m12_800.slha    117      0.4737135796   1.00000000    1.00000000   0.08608973
susy.370623.NUHM2_m12_800.slha    118      0.0000526249   1.00000000    1.00000000   0.07771427
susy.370623.NUHM2_m12_800.slha    122      0.0001087675   1.00000000    1.00000000   0.07088280
susy.370623.NUHM2_m12_800.slha    123      0.0015416626   1.00000000    1.00000000   0.06537577
susy.370623.NUHM2_m12_800.slha    124      0.0000974637   1.00000000    1.00000000   0.06530325
susy.370623.NUHM2_m12_800.slha    125      0.6748686972   1.00000000    1.00000000   0.06282954
susy.370623.NUHM2_m12_800.slha    126      0.0001487367   1.00000000    1.00000000   0.06359830
susy.370623.NUHM2_m12_800.slha    127      0.3906074836   1.00000000    1.00000000   0.08243869
susy.370623.NUHM2_m12_800.slha    128      0.0000632347   1.00000000    1.00000000   0.07613879
susy.370623.NUHM2_m12_800.slha    133      0.0000021556   1.00000000    1.00000000   0.08808178
susy.370623.NUHM2_m12_800.slha    134      0.0000013753   1.00000000    1.00000000   0.08184458
susy.370623.NUHM2_m12_800.slha    135      0.0022215540   1.00000000    1.00000000   0.05781810
susy.370623.NUHM2_m12_800.slha    136      0.0000179127   1.00000000    1.00000000   0.06707128
susy.370623.NUHM2_m12_800.slha    137      0.0011306653   1.00000000    1.00000000   0.07974272
susy.370623.NUHM2_m12_800.slha    138      0.0000071002   1.00000000    1.00000000   0.07996818
susy.370623.NUHM2_m12_800.slha    144      0.0000033200   1.00000000    1.00000000   0.08521909
susy.370623.NUHM2_m12_800.slha    145      0.0001114849   1.00000000    1.00000000   0.06626951
susy.370623.NUHM2_m12_800.slha    146      0.0064128038   1.00000000    1.00000000   0.07356448
susy.370623.NUHM2_m12_800.slha    147      0.0000474513   1.00000000    1.00000000   0.07695978
susy.370623.NUHM2_m12_800.slha    148      0.0023333882   1.00000000    1.00000000   0.08950999
susy.370623.NUHM2_m12_800.slha    157      0.6240319555   1.00000000    1.00000000   0.07242344
susy.370623.NUHM2_m12_800.slha    158      0.0000960852   1.00000000    1.00000000   0.06651898
susy.370623.NUHM2_m12_800.slha    167      0.0000961123   1.00000000    1.00000000   0.06811969
susy.370623.NUHM2_m12_800.slha    168      0.0042577101   1.00000000    1.00000000   0.07239458
