/I:name/C:xsec/F:kfac/F:eff/F:relunc/F

# ttbar

110401  PowhegPythia_P2012_ttbar_nonallhad      831.760000      1.000000        0.543160        1.000000
110351	PowhegPythia_P2012_ttbar_allhad		831.760000	1.000000	0.45684		1.000000

184172	PowhegPythia_P2012_ttbar_nonallhad_mtt_1100_1300	831.76	1.000000	0.005018	1.000000
184173	PowhegPythia_P2012_ttbar_nonallhad_mtt_1300_1500	831.76	1.000000	0.002030	1.000000
184174	PowhegPythia_P2012_ttbar_nonallhad_mtt_1500_1700	831.76	1.000000	0.000896	1.000000
184175	PowhegPythia_P2012_ttbar_nonallhad_mtt_1700_2000	831.76	1.000000	0.000550	1.000000
184176	PowhegPythia_P2012_ttbar_nonallhad_mtt_2000p	831.76	1.000000	0.000329	1.000000
184177	PowhegPythia_P2012_ttbar_allhad_mtt_1100_1300	831.76	1.000000	0.004221	1.000000
184178	PowhegPythia_P2012_ttbar_allhad_mtt_1300_1500	831.76	1.000000	0.001690	1.000000
184179	PowhegPythia_P2012_ttbar_allhad_mtt_1500_1700	831.76	1.000000	0.000760	1.000000
184180	PowhegPythia_P2012_ttbar_allhad_mtt_1700_2000	831.76	1.000000	0.000460	1.000000
184181	PowhegPythia_P2012_ttbar_allhad_mtt_2000p	831.76	1.000000	0.000276	1.000000

# single top

110090	PowhegPythia_P2011C_singletop_tchan_lept_top	43.755000	1.000000	1.000000	1.000000
110091	PowhegPythia_P2011C_singletop_tchan_lept_antitop	25.778000	1.000000	1.000000	1.000000
110119	PowhegPythia_P2011C_st_schan_lep	3.351300	1.000000	1.000000	1.000000
110140	PowhegPythia_P2011C_st_Wtchan_incl_DR	68.455000	1.000000	1.000000	1.000000

110070  PowhegPythia_P2012_singletop_tchan_lept_top     43.755000       1.000000	1.000000        1.000000
110071  PowhegPythia_P2012_singletop_tchan_lept_antitop 25.778000       1.000000	1.000000        1.000000
110302  PowhegPythia_P2012_st_schan_lep 3.351400        1.000000        1.000000		1.000000
110305  PowhegPythia_P2012_st_Wtchan_incl_DR    68.459000       1.000000       1.000000 1.000000


# Sherpa W

167740	Sherpa_CT10_WenuMassiveCBPt0_BFilter	18795.000000	1.068000	0.017789	1.000000
167741	Sherpa_CT10_WenuMassiveCBPt0_CJetFilterBVeto	18804.000000	1.068000	0.062919	1.000000
167742	Sherpa_CT10_WenuMassiveCBPt0_CJetVetoBVeto	18843.000000	1.068000	0.919300	1.000000
167743	Sherpa_CT10_WmunuMassiveCBPt0_BFilter	18793.000000	1.068000	0.017793	1.000000
167744	Sherpa_CT10_WmunuMassiveCBPt0_CJetFilterBVeto	18788.000000	1.068000	0.055829	1.000000
167745	Sherpa_CT10_WmunuMassiveCBPt0_CJetVetoBVeto	18797.000000	1.068000	0.926480	1.000000
167746	Sherpa_CT10_WtaunuMassiveCBPt0_BFilter	18795.000000	1.068000	0.017808	1.000000
167747	Sherpa_CT10_WtaunuMassiveCBPt0_CJetFilterBVeto	18808.000000	1.068000	0.059685	1.000000
167748	Sherpa_CT10_WtaunuMassiveCBPt0_CJetVetoBVeto	18800.000000	1.068000	0.922530	1.000000

180539	Sherpa_CT10_WmunuMassiveCBPt40_70_CJetVetoBVeto	1323.8	1.068000	0.771820	1.000000
180536	Sherpa_CT10_WenuMassiveCBPt40_70_CJetVetoBVeto	1312.7	1.068000	0.766760	1.000000
180542	Sherpa_CT10_WtaunuMassiveCBPt40_70_CJetVetoBVeto	1314.4	1.068000	0.769100	1.000000
180540	Sherpa_CT10_WtaunuMassiveCBPt40_70_BFilter	1316.1	1.068000	0.041483	1.000000
180538	Sherpa_CT10_WmunuMassiveCBPt40_70_CJetFilterBVeto	1302.1	1.068000	0.184410	1.000000
180537	Sherpa_CT10_WmunuMassiveCBPt40_70_BFilter	1.311	1.068000	0.041360	1.000000
180534	Sherpa_CT10_WenuMassiveCBPt40_70_BFilter	1315.7	1.068000	0.041366	1.000000
180535	Sherpa_CT10_WenuMassiveCBPt40_70_CJetFilterBVeto	1316.8	1.068000	0.191440	1.000000
180541	Sherpa_CT10_WtaunuMassiveCBPt40_70_CJetFilterBVeto	1314.2	1.068000	0.188860	1.000000

167761	Sherpa_CT10_WenuMassiveCBPt70_140_BFilter	557.870000	1.068000	0.054647	1.000000
167762	Sherpa_CT10_WenuMassiveCBPt70_140_CJetFilterBVeto	557.920000	1.068000	0.226640	1.000000
167763	Sherpa_CT10_WenuMassiveCBPt70_140_CJetVetoBVeto	558.370000	1.068000	0.718280	1.000000
167764	Sherpa_CT10_WmunuMassiveCBPt70_140_BFilter	557.870000	1.068000	0.054620	1.000000
167765	Sherpa_CT10_WmunuMassiveCBPt70_140_CJetFilterBVeto	558.250000	1.068000	0.219800	1.000000
167766	Sherpa_CT10_WmunuMassiveCBPt70_140_CJetVetoBVeto	557.480000	1.068000	0.724040	1.000000
167767	Sherpa_CT10_WtaunuMassiveCBPt70_140_BFilter	557.920000	1.068000	0.054733	1.000000
167768	Sherpa_CT10_WtaunuMassiveCBPt70_140_CJetFilterBVeto	557.680000	1.068000	0.224050	1.000000
167769	Sherpa_CT10_WtaunuMassiveCBPt70_140_CJetVetoBVeto	558.590000	1.068000	0.719920	1.000000
167770	Sherpa_CT10_WenuMassiveCBPt140_280_BFilter	81.864000	1.068000	0.074559	1.000000
167771	Sherpa_CT10_WenuMassiveCBPt140_280_CJetFilterBVeto	81.918000	1.068000	0.254810	1.000000
167772	Sherpa_CT10_WenuMassiveCBPt140_280_CJetVetoBVeto	81.764000	1.068000	0.670890	1.000000
167773	Sherpa_CT10_WmunuMassiveCBPt140_280_BFilter	81.775000	1.068000	0.074477	1.000000
167774	Sherpa_CT10_WmunuMassiveCBPt140_280_CJetFilterBVeto	81.813000	1.068000	0.249810	1.000000
167775	Sherpa_CT10_WmunuMassiveCBPt140_280_CJetVetoBVeto	81.925000	1.068000	0.676400	1.000000
167776	Sherpa_CT10_WtaunuMassiveCBPt140_280_BFilter	81.867000	1.068000	0.074564	1.000000
167777	Sherpa_CT10_WtaunuMassiveCBPt140_280_CJetFilterBVeto	81.700000	1.068000	0.252770	1.000000
167778	Sherpa_CT10_WtaunuMassiveCBPt140_280_CJetVetoBVeto	81.768000	1.068000	0.673230	1.000000
167779	Sherpa_CT10_WenuMassiveCBPt280_500_BFilter	6.227100	1.000000	0.097603	1.000000
167780	Sherpa_CT10_WenuMassiveCBPt280_500_CJetFilterBVeto	6.212800	1.068000	0.272540	1.000000
167781	Sherpa_CT10_WenuMassiveCBPt280_500_CJetVetoBVeto	6.235700	1.068000	0.629970	1.000000
167782	Sherpa_CT10_WmunuMassiveCBPt280_500_BFilter	6.218800	1.068000	0.097362	1.000000
167783	Sherpa_CT10_WmunuMassiveCBPt280_500_CJetFilterBVeto	6.227700	1.068000	0.266440	1.000000
167784	Sherpa_CT10_WmunuMassiveCBPt280_500_CJetVetoBVeto	6.227100	1.068000	0.635200	1.000000
167785	Sherpa_CT10_WtaunuMassiveCBPt280_500_BFilter	6.223500	1.068000	0.097445	1.000000
167786	Sherpa_CT10_WtaunuMassiveCBPt280_500_CJetFilterBVeto	6.231100	1.068000	0.271420	1.000000
167787	Sherpa_CT10_WtaunuMassiveCBPt280_500_CJetVetoBVeto	6.206000	1.068000	0.631160	1.000000
167788	Sherpa_CT10_WenuMassiveCBPt500_BFilter	0.514260	1.068000	0.117910	1.000000
167789	Sherpa_CT10_WenuMassiveCBPt500_CJetFilterBVeto	0.520840	1.068000	0.288870	1.000000
167790	Sherpa_CT10_WenuMassiveCBPt500_CJetVetoBVeto	0.513060	1.068000	0.597380	1.000000
167791	Sherpa_CT10_WmunuMassiveCBPt500_BFilter	0.514910	1.068000	0.118320	1.000000
167792	Sherpa_CT10_WmunuMassiveCBPt500_CJetFilterBVeto	0.513250	1.068000	0.279510	1.000000
167793	Sherpa_CT10_WmunuMassiveCBPt500_CJetVetoBVeto	0.513040	1.068000	0.602740	1.000000
167794	Sherpa_CT10_WtaunuMassiveCBPt500_BFilter	0.516910	1.068000	0.118720	1.000000
167795	Sherpa_CT10_WtaunuMassiveCBPt500_CJetFilterBVeto	0.513620	1.068000	0.291080	1.000000
167796	Sherpa_CT10_WtaunuMassiveCBPt500_CJetVetoBVeto	0.514460	1.068000	0.599840	1.000000

# Sherpa Z

167749	Sherpa_CT10_ZeeMassiveCBPt0_BFilter	1928.900000	1.093000	0.038075	1.000000
167750	Sherpa_CT10_ZeeMassiveCBPt0_CFilterBVeto	1926.800000	1.093000	0.328280	1.000000
167751	Sherpa_CT10_ZeeMassiveCBPt0_CVetoBVeto	1938.800000	1.093000	0.635740	1.000000
167752	Sherpa_CT10_ZmumuMassiveCBPt0_BFilter	1929.900000	1.093000	0.038283	1.000000
167753	Sherpa_CT10_ZmumuMassiveCBPt0_CFilterBVeto	1927.000000	1.093000	0.326470	1.000000
167754	Sherpa_CT10_ZmumuMassiveCBPt0_CVetoBVeto	1936.400000	1.093000	0.635750	1.000000
167755	Sherpa_CT10_ZtautauMassiveCBPt0_BFilter	1929.700000	1.093000	0.038191	1.000000
167756	Sherpa_CT10_ZtautauMassiveCBPt0_CFilterBVeto	1928.400000	1.093000	0.326570	1.000000
167757	Sherpa_CT10_ZtautauMassiveCBPt0_CVetoBVeto	1925.500000	1.093000	0.633540	1.000000
167758	Sherpa_CT10_ZnunuMassiveCBPt0_BFilter	10471.000000	1.087000	0.039883	1.000000
167759	Sherpa_CT10_ZnunuMassiveCBPt0_CFilterBVeto	10486.000000	1.087000	0.323500	1.000000
167760	Sherpa_CT10_ZnunuMassiveCBPt0_CVetoBVeto	10439.000000	1.087000	0.637270	1.000000


167797	Sherpa_CT10_ZeeMassiveCBPt70_140_BFilter	66.749000	1.093000	0.101720	1.000000
167798	Sherpa_CT10_ZeeMassiveCBPt70_140_CFilterBVeto	66.832000	1.093000	0.393720	1.000000
167799	Sherpa_CT10_ZeeMassiveCBPt70_140_CVetoBVeto	66.790000	1.093000	0.504790	1.000000
167800	Sherpa_CT10_ZmumuMassiveCBPt70_140_BFilter	66.744000	1.093000	0.101500	1.000000
167801	Sherpa_CT10_ZmumuMassiveCBPt70_140_CFilterBVeto	66.627000	1.093000	0.394770	1.000000
167802	Sherpa_CT10_ZmumuMassiveCBPt70_140_CVetoBVeto	66.909000	1.093000	0.505630	1.000000
167803	Sherpa_CT10_ZtautauMassiveCBPt70_140_BFilter	66.842000	1.093000	0.101530	1.000000
167804	Sherpa_CT10_ZtautauMassiveCBPt70_140_CFilterBVeto	66.882000	1.093000	0.393420	1.000000
167805	Sherpa_CT10_ZtautauMassiveCBPt70_140_CVetoBVeto	66.995000	1.093000	0.505840	1.000000
167806	Sherpa_CT10_ZnunuMassiveCBPt70_140_BFilter	377.850000	1.087000	0.103100	1.000000
167807	Sherpa_CT10_ZnunuMassiveCBPt70_140_CFilterBVeto	377.080000	1.087000	0.390540	1.000000
167808	Sherpa_CT10_ZnunuMassiveCBPt70_140_CVetoBVeto	377.430000	1.087000	0.506340	1.000000
167809	Sherpa_CT10_ZeeMassiveCBPt140_280_BFilter	10.636000	1.093000	0.117830	1.000000
167810	Sherpa_CT10_ZeeMassiveCBPt140_280_CFilterBVeto	10.621000	1.093000	0.407440	1.000000
167811	Sherpa_CT10_ZeeMassiveCBPt140_280_CVetoBVeto	10.617000	1.093000	0.472780	1.000000
167812	Sherpa_CT10_ZmumuMassiveCBPt140_280_BFilter	10.629000	1.093000	0.118180	1.000000
167813	Sherpa_CT10_ZmumuMassiveCBPt140_280_CFilterBVeto	10.650000	1.093000	0.410700	1.000000
167814	Sherpa_CT10_ZmumuMassiveCBPt140_280_CVetoBVeto	10.675000	1.093000	0.475540	1.000000
167815	Sherpa_CT10_ZtautauMassiveCBPt140_280_BFilter	10.626000	1.093000	0.118240	1.000000
167816	Sherpa_CT10_ZtautauMassiveCBPt140_280_CFilterBVeto	10.627000	1.093000	0.409300	1.000000
167817	Sherpa_CT10_ZtautauMassiveCBPt140_280_CVetoBVeto	10.669000	1.093000	0.474640	1.000000
167818	Sherpa_CT10_ZnunuMassiveCBPt140_280_BFilter	60.020000	1.087000	0.119570	1.000000
167819	Sherpa_CT10_ZnunuMassiveCBPt140_280_CFilterBVeto	60.239000	1.087000	0.404750	1.000000
167820	Sherpa_CT10_ZnunuMassiveCBPt140_280_CVetoBVeto	60.230000	1.087000	0.471310	1.000000
167821	Sherpa_CT10_ZeeMassiveCBPt280_500_BFilter	0.830570	1.093000	0.133510	1.000000
167822	Sherpa_CT10_ZeeMassiveCBPt280_500_CFilterBVeto	0.834980	1.093000	0.422930	1.000000
167823	Sherpa_CT10_ZeeMassiveCBPt280_500_CVetoBVeto	0.832560	1.093000	0.445420	1.000000
167824	Sherpa_CT10_ZmumuMassiveCBPt280_500_BFilter	0.830950	1.093000	0.132860	1.000000
167825	Sherpa_CT10_ZmumuMassiveCBPt280_500_CFilterBVeto	0.832110	1.093000	0.424980	1.000000
167826	Sherpa_CT10_ZmumuMassiveCBPt280_500_CVetoBVeto	0.835080	1.093000	0.444700	1.000000
167827	Sherpa_CT10_ZtautauMassiveCBPt280_500_BFilter	0.831400	1.093000	0.132670	1.000000
167828	Sherpa_CT10_ZtautauMassiveCBPt280_500_CFilterBVeto	0.833350	1.093000	0.424320	1.000000
167829	Sherpa_CT10_ZtautauMassiveCBPt280_500_CVetoBVeto	0.830130	1.093000	0.442860	1.000000
167830	Sherpa_CT10_ZnunuMassiveCBPt280_500_BFilter	4.666400	1.087000	0.134930	1.000000
167831	Sherpa_CT10_ZnunuMassiveCBPt280_500_CFilterBVeto	4.656400	1.087000	0.423940	1.000000
167832	Sherpa_CT10_ZnunuMassiveCBPt280_500_CVetoBVeto	4.664900	1.087000	0.442260	1.000000
167833	Sherpa_CT10_ZeeMassiveCBPt500_BFilter	0.068370	1.093000	0.145610	1.000000
167834	Sherpa_CT10_ZeeMassiveCBPt500_CFilterBVeto	0.068450	1.093000	0.434080	1.000000
167835	Sherpa_CT10_ZeeMassiveCBPt500_CVetoBVeto	0.068500	1.093000	0.419060	1.000000
167836	Sherpa_CT10_ZmumuMassiveCBPt500_BFilter	0.068310	1.093000	0.143770	1.000000
167837	Sherpa_CT10_ZmumuMassiveCBPt500_CFilterBVeto	0.069010	1.093000	0.440960	1.000000
167838	Sherpa_CT10_ZmumuMassiveCBPt500_CVetoBVeto	0.068740	1.093000	0.416890	1.000000
167839	Sherpa_CT10_ZtautauMassiveCBPt500_BFilter	0.068460	1.093000	0.143780	1.000000
167840	Sherpa_CT10_ZtautauMassiveCBPt500_CFilterBVeto	0.068750	1.093000	0.441120	1.000000
167841	Sherpa_CT10_ZtautauMassiveCBPt500_CVetoBVeto	0.067865	1.093000	0.414960	1.000000
167842	Sherpa_CT10_ZnunuMassiveCBPt500_BFilter	0.379210	1.087000	0.146850	1.000000
167843	Sherpa_CT10_ZnunuMassiveCBPt500_CFilterBVeto	0.378430	1.087000	0.436760	1.000000
167844	Sherpa_CT10_ZnunuMassiveCBPt500_CVetoBVeto	0.376940	1.087000	0.415620	1.000000

# ttV(V)
# k-factors taken from 14 TeV
119355	MadGraphPythia_AUET2BCTEQ6L1_ttbarZ			0.185750	1.560000	1.000000	1.000000
174832	MadGraphPythia_AUET2BCTEQ6L1_ttbarZjExcl		0.166300	1.560000	1.000000	1.000000
174833	MadGraphPythia_AUET2BCTEQ6L1_ttbarZjjIncl		0.207560	1.560000	1.000000	1.000000
119353	MadGraphPythia_AUET2BCTEQ6L1_ttbarW			0.201450	1.220000	1.000000	1.000000
174830	MadGraphPythia_AUET2BCTEQ6L1_ttbarWjExcl		0.131290	1.220000	1.000000	1.000000
174831	MadGraphPythia_AUET2BCTEQ6L1_ttbarWjjIncl		0.162740	1.220000	1.000000	1.000000
119583	MadgraphPythia_AUET2B_CTEQ6L1_ttbarWW			0.003000	1.000000	1.000000	1.000000

# Sherpa VV

200920	 Sherpa_CT10_llll	1.046700	1.000000	1.000000	1.000000
200922	 Sherpa_CT10_llvv	13.8200 	1.000000	1.000000	1.000000
200923	 Sherpa_CT10_lllvSFMinus	0.54426	1.000000	1.000000	1.000000
200924	 Sherpa_CT10_lllvOFMinus	1.1185 	1.000000	1.000000	1.000000
200925	 Sherpa_CT10_lllvSFPlus	0.80842 	1.000000	1.000000	1.000000
200926	 Sherpa_CT10_lllvOFPlus	1.65460 	1.000000	1.000000	1.000000

# Powheg ZZ

187180	 PowhegPythia8_AU2CT10_ZZ_4e_mll4_DiLeptonFilter	0.132400	1.000000	0.919350	1.000000
187181	 PowhegPythia8_AU2CT10_ZZ_2e2mu_mll4_DiLeptonFilter	0.296100	1.000000	0.849000	1.000000
187182	 PowhegPythia8_AU2CT10_ZZ_2e2tau_mll4_DiLeptonFilter	0.296100	1.000000	0.609150	1.000000
187183	 PowhegPythia8_AU2CT10_ZZ_4mu_mll4_DiLeptonFilter	0.132400	1.000000	0.922860	1.000000
187184	 PowhegPythia8_AU2CT10_ZZ_2mu2tau_mll4_DiLeptonFilter	0.296100	1.000000	0.615650	1.000000
187185	 PowhegPythia8_AU2CT10_ZZ_4tau_mll4_DiLeptonFilter	0.132400	1.000000	0.113190	1.000000
187186	 PowhegPythia8_AU2CT10_ZZ_2e2nu_mll4			0.103230	1.000000	1.000000	1.000000
187187	 PowhegPythia8_AU2CT10_ZZ_2mu2nu_mll4			0.103230	1.000000	1.000000	1.000000
187188	 PowhegPythia8_AU2CT10_ZZ_2tau2nu_mll4			0.103230	1.000000	1.000000	1.000000

# Powheg WZ

187160	 PowhegPythia8_AU2CT10_WmZ_3e_mll0p25_DiLeptonFilter	1.688000	1.000000	0.285370	1.000000
187161	 PowhegPythia8_AU2CT10_WmZ_e2mu_mll0p4614_DiLeptonFilter		1.168000	1.000000	0.340950 1.000000
187162	 PowhegPythia8_AU2CT10_WmZ_e2tau_mll3p804_DiLeptonFilter		0.214100	1.000000	0.162910 1.000000
187163	 PowhegPythia8_AU2CT10_WmZ_mu2e_mll0p25_DiLeptonFilter			1.769000	1.000000	0.286490 1.000000
187164	 PowhegPythia8_AU2CT10_WmZ_3mu_mll0p4614_DiLeptonFilter			1.151000	1.000000	0.341690 1.000000
187165	 PowhegPythia8_AU2CT10_WmZ_mu2tau_mll3p804_DiLeptonFilter		0.214100	1.000000	0.163580 1.000000
187166	 PowhegPythia8_AU2CT10_WmZ_tau2e_mll0p25_DiLeptonFilter			1.769000	1.000000	0.146710 1.000000
187167	 PowhegPythia8_AU2CT10_WmZ_tau2mu_mll0p4614_DiLeptonFilter		1.168000	1.000000	0.185250 1.000000
187168	 PowhegPythia8_AU2CT10_WmZ_3tau_mll3p804_DiLeptonFilter			0.210400	1.000000	0.059701 1.000000
187170	 PowhegPythia8_AU2CT10_WpZ_3e_mll0p25_DiLeptonFilter			2.354000	1.000000	0.271560 1.000000
187171	 PowhegPythia8_AU2CT10_WpZ_e2mu_mll0p4614_DiLeptonFilter		1.559000	1.000000	0.325750 1.000000
187172	 PowhegPythia8_AU2CT10_WpZ_e2tau_mll3p804_DiLeptonFilter		0.312900	1.000000	0.163840 1.000000
187173	 PowhegPythia8_AU2CT10_WpZ_mu2e_mll0p25_DiLeptonFilter			2.371000	1.000000	0.272200 1.000000
187174	 PowhegPythia8_AU2CT10_WpZ_3mu_mll0p4614_DiLeptonFilter			1.591000	1.000000	0.326820 1.000000
187175	 PowhegPythia8_AU2CT10_WpZ_mu2tau_mll3p804_DiLeptonFilter		0.312900	1.000000	0.163290 1.000000
187176	 PowhegPythia8_AU2CT10_WpZ_tau2e_mll0p25_DiLeptonFilter			2.371000	1.000000	0.137840 1.000000
187177	 PowhegPythia8_AU2CT10_WpZ_tau2mu_mll0p4614_DiLeptonFilter		1.559000	1.000000	0.174020 1.000000
187178	 PowhegPythia8_AU2CT10_WpZ_3tau_mll3p804_DiLeptonFilter			0.308100	1.000000	0.060375 1.000000

# Powheg WW

187150	PowhegPythia8_AU2CT10_WpWm_ee	1.1792	1.000000	1.000000	1.000000
187151	PowhegPythia8_AU2CT10_WpWm_mue	1.179	1.000000	1.000000	1.000000
187152	PowhegPythia8_AU2CT10_WpWm_taue	1.179	1.000000	1.000000	1.000000
187153	PowhegPythia8_AU2CT10_WpWm_emu	1.179	1.000000	1.000000	1.000000
187154	PowhegPythia8_AU2CT10_WpWm_mumu	1.1792	1.000000	1.000000	1.000000
187155	PowhegPythia8_AU2CT10_WpWm_taumu	1.179	1.000000	1.000000	1.000000
187156	PowhegPythia8_AU2CT10_WpWm_etau	1.179	1.000000	1.000000	1.000000
187157	PowhegPythia8_AU2CT10_WpWm_mutau	1.179	1.000000	1.000000	1.000000
187158	PowhegPythia8_AU2CT10_WpWm_tautau	1.1792	1.000000	1.000000	1.000000

# Sherpa gamma+jet

177575	 Sherpa_CT10_SinglePhotonMassiveCBPt140_280_CVetoBVeto			353.940000	1.000000	0.425560 1.000000
177576	 Sherpa_CT10_SinglePhotonMassiveCBPt280_500_CVetoBVeto			19.406000	1.000000	0.409830 1.000000
177577	 Sherpa_CT10_SinglePhotonMassiveCBPt500_CVetoBVeto			1.386100	1.000000	0.396860 1.000000
177579	 Sherpa_CT10_SinglePhotonMassiveCBPt140_280_CFilterBVeto		354.710000	1.000000	0.473100 1.000000
177580	 Sherpa_CT10_SinglePhotonMassiveCBPt280_500_CFilterBVeto		19.415000	1.000000	0.468330 1.000000
177581	 Sherpa_CT10_SinglePhotonMassiveCBPt500_CFilterBVeto			1.392000	1.000000	0.465460 1.000000
177583	 Sherpa_CT10_SinglePhotonMassiveCBPt140_280_BFilter			352.610000	1.000000	0.100980 1.000000
177584	 Sherpa_CT10_SinglePhotonMassiveCBPt280_500_BFilter			19.356000	1.000000	0.120170 1.000000
177585	 Sherpa_CT10_SinglePhotonMassiveCBPt500_BFilter				1.384600	1.000000	0.139500 1.000000

# Herwig++ gamma+jet

187040	 Herwigpp_UEEE4_CTEQ6L1_gammajet_binned20				1066800.000000	1.000000	0.151680 1.000000
187041	 Herwigpp_UEEE4_CTEQ6L1_gammajet_binned40				141010.000000	1.000000	0.118880 1.000000
187042	 Herwigpp_UEEE4_CTEQ6L1_gammajet_binned80				14905.000000	1.000000	0.094965 1.000000
187043	 Herwigpp_UEEE4_CTEQ6L1_gammajet_binned150				565.910000	1.000000	0.229770 1.000000
187044	 Herwigpp_UEEE4_CTEQ6L1_gammajet_binned300				14.367000	1.000000	0.487020 1.000000

# Pythia8 gamma+jet

129200	 Pythia8_AU2CTEQ6L1_gammajet_DP17_35					16935000000.000000		1.000000 0.000035 1.000000
129201	 Pythia8_AU2CTEQ6L1_gammajet_DP35_50					1397300000.000000		1.000000 0.000029 1.000000
129202	 Pythia8_AU2CTEQ6L1_gammajet_DP50_70					375600000.000000		1.000000 0.000031 1.000000
129203	 Pythia8_AU2CTEQ6L1_gammajet_DP70_140					103760000.000000		1.000000 0.000045 1.000000
129204	 Pythia8_AU2CTEQ6L1_gammajet_DP140_280					6325900.000000			1.000000 0.000054 1.000000
129205	 Pythia8_AU2CTEQ6L1_gammajet_DP280_500					310220.000000			1.000000 0.000060 1.000000
129206	 Pythia8_AU2CTEQ6L1_gammajet_DP500_800					20347.000000			1.000000 0.000057 1.000000
129207	 Pythia8_AU2CTEQ6L1_gammajet_DP800_1000					1879.000000			1.000000 0.000038 1.000000
129208	 Pythia8_AU2CTEQ6L1_gammajet_DP1000_inf					565.610000			1.000000 0.000043 1.000000

# Powheg Pyhtia inclusive W/Z+jets
147400 PowhegPythia8_AZNLO_Wplusenu     11302	1.0254	1.000000	1.000000
147401 PowhegPythia8_AZNLO_Wplusmunu    11302	1.0254	1.000000	1.000000
147402 PowhegPythia8_AZNLO_Wplustaunu   11302	1.0254	1.000000	1.000000
147403 PowhegPythia8_AZNLO_Wminenu       8280	1.0254	1.000000	1.000000
147404 PowhegPythia8_AZNLO_Wminmunu      8280	1.0254	1.000000	1.000000
147405 PowhegPythia8_AZNLO_Wmintaunu     8280	1.0254	1.000000	1.000000
147406 PowhegPythia8_AZNLO_Zee          1900.2	1.0021	1.000000	1.000000
147407 PowhegPythia8_AZNLO_Zmumu        1900.2	1.0021	1.000000	1.000000
147408 PowhegPythia8_AZNLO_Ztautau      1900.2	1.0021	1.000000	1.000000

# Higgs
161105	Pythia8_AU2CTEQ6L1_WH125_WW2lep	0.2967	1.000000	0.103810	1.000000
161155	Pythia8_AU2CTEQ6L1_ZH125_WW2lep	0.01963	1.000000	1.000000	1.000000
161305	Pythia8_AU2CTEQ6L1_ttH125_WWinclusive	0.1093	1.000000	1.000000	1.000000

160009 PowhegPythia8_AU2CT10_ggH125_gamgam 0.10013	1.000000	1.000000	1.000000
161005 PowhegPythia8_AU2CT10_ggH125_WW2lep_EF_15_5    9.44280 1.000000	0.49362		1.000000
161055 PowhegPythia8_AU2CT10_VBFH125_WW2lep_EF_15_5   0.80582 1.000000	0.50929		1.000000
167892 PowhegPythia8_AU2CT10_ggH125_ZZ4lep_noTau 0.005251     1.000000	1.000000	1.000000
161827 Pythia8_AU2CTEQ6L1_ZH125_llbb     0.05067 1.000000     1.000000	1.000000	
161849 Pythia8_AU2CTEQ6L1_ZH125_nunubb   0.10035 1.000000     1.000000	1.000000

161555 PowHegPythia8_AU2CT10_ggH125_tautaull  0.34412	1.000000        1.000000        1.000000 
161566 PowHegPythia8_AU2CT10_ggH125_tautaulh  1.26644	1.000000        1.000000        1.000000 
161577 PowHegPythia8_AU2CT10_ggH125_tautauhh  1.16519	1.000000        1.000000        1.000000 
161595 PowHegPythia8_AU2CT10_VBFH125_tautaull 0.02937	1.000000        1.000000        1.000000 
161606 PowHegPythia8_AU2CT10_VBFH125_tautaulh 0.10807	1.000000        1.000000        1.000000 
161617 PowHegPythia8_AU2CT10_VBFH125_tautauhh 0.09943	1.000000        1.000000        1.000000 
161635 Pythia8_AU2CTEQ6L1_WH125_tautaull 0.010813	1.000000        1.000000        1.000000 
161646 Pythia8_AU2CTEQ6L1_WH125_tautaulh 0.039792	1.000000        1.000000        1.000000 
161657 Pythia8_AU2CTEQ6L1_WH125_tautauhh 0.036611	1.000000        1.000000        1.000000 
161675 Pythia8_AU2CTEQ6L1_ZH125_tautaull 0.006813	1.000000        1.000000        1.000000 
161686 Pythia8_AU2CTEQ6L1_ZH125_tautaulh 0.025075	1.000000        1.000000        1.000000 
161697 Pythia8_AU2CTEQ6L1_ZH125_tautauhh 0.023070	1.000000        1.000000        1.000000 

161827 	Pythia8_AU2CTEQ6L1_ZH125_llbb 		0.05067 	1.00000 	1.00000 	1.00000
161849 	Pythia8_AU2CTEQ6L1_ZH125_nunubb 	0.10035 	1.00000 	1.00000 	1.00000

161555 	PowHegPythia8_AU2CT10_ggH125_tautaull 	2.7757 		1.00000 	0.12263 	1.00000 	
161566 	PowHegPythia8_AU2CT10_ggH125_tautaulh 	2.7757 		1.00000 	0.45544 	1.00000 	
161577 	PowHegPythia8_AU2CT10_ggH125_tautauhh 	2.7757 		1.00000 	0.42120 	1.00000 	
161595 	PowHegPythia8_AU2CT10_VBFH125_tautaull 	0.23687 	1.00000 	0.12331 	1.00000 	
161606 	PowHegPythia8_AU2CT10_VBFH125_tautaulh 	0.23687 	1.00000 	0.45436 	1.00000 	 	
161617 	PowHegPythia8_AU2CT10_VBFH125_tautauhh 	0.23687 	1.00000 	0.42295 	1.00000 	
161635 	Pythia8_AU2CTEQ6L1_WH125_tautaull 	0.08722 	1.00000 	0.12316 	1.00000 	
161646 	Pythia8_AU2CTEQ6L1_WH125_tautaulh 	0.08722 	1.00000 	0.45567 	1.00000 	
161657 	Pythia8_AU2CTEQ6L1_WH125_tautauhh 	0.08722 	1.00000 	0.42207 	1.00000 	
161675 	Pythia8_AU2CTEQ6L1_ZH125_tautaull 	0.054958 	1.00000 	0.12232 	1.00000 	
161686 	Pythia8_AU2CTEQ6L1_ZH125_tautaulh 	0.054958 	1.00000 	0.45556 	1.00000 	
161697 	Pythia8_AU2CTEQ6L1_ZH125_tautauhh 	0.054958 	1.00000 	0.42150 	1.00000 	

# Pythia8 gg->WW->lnulnu

187401 gg2vvPythia8_AU2CT10_WpWmenuenu    0.39810	1.000000	1.000000	1.000000
187402 gg2vvPythia8_AU2CT10_WpWmenumunu   0.39810	1.000000	1.000000	1.000000
187403 gg2vvPythia8_AU2CT10_WpWmenutaunu  0.39810	1.000000	1.000000	1.000000
187404 gg2vvPythia8_AU2CT10_WpWmmunuenu   0.39810	1.000000	1.000000	1.000000
187405 gg2vvPythia8_AU2CT10_WpWmmunumunu  0.39810	1.000000	1.000000	1.000000
187406 gg2vvPythia8_AU2CT10_WpWmmunutaunu 0.39810	1.000000	1.000000	1.000000
187407 gg2vvPythia8_AU2CT10_WpWmtaunuenu  0.39810	1.000000	1.000000	1.000000
187408 gg2vvPythia8_AU2CT10_WpWmtaunumunu 0.39810	1.000000	1.000000	1.000000
187409 gg2vvPythia8_AU2CT10_WpWmtaunutaunu 0.39810	1.000000	1.000000	1.000000

# Sherpa Vgamma

126022  Sherpa_CT10_nunugammaPt70	1.663	1.000000	1.000000	1.000000
126741	Sherpa_CT10_enugammaPt80	1.7664	1.000000	1.000000	1.000000
126744	Sherpa_CT10_munugammaPt80	1.7845	1.000000	1.000000	1.000000
158727	Sherpa_CT10_WtaunugammaPt80	1.7699	1.000000	1.000000	1.000000
158728	Sherpa_CT10_ZeegammaPt70	0.4129	1.000000	1.000000	1.000000
158729	Sherpa_CT10_ZmumugammaPt70	0.4168	1.000000	1.000000	1.000000
158730	Sherpa_CT10_ZtautaugammaPt70	0.41628	1.000000	1.000000	1.000000
